Lines = 3, Startline = 4, Endline = 6
Lines = 3, Startline = 7, Endline = 9
Lines = 3, Startline = 10, Endline = 12
Lines = 3, Startline = 16, Endline = 18
Lines = 3, Startline = 19, Endline = 21
Lines = 3, Startline = 22, Endline = 24
============================================================
Program for calculation of partial differential equations.  
============================================================
(c) Dr. Thomas Ludwig, TU München.
    Thomas A. Zochler, TU München.
    Andreas C. Schmidt, TU München.
============================================================

Lines = 4, Startline = 0, Endline = 3
Lines = 3, Startline = 13, Endline = 15
0.00000000 0.00000000 0.00000000 0.00000000 0.00000000 0.00000000 0.00000000 0.00000000 0.00000000 
0.00000000 0.12820856 0.23689853 0.30952284 0.33502511 0.30952284 0.23689853 0.12820856 0.00000000 
0.00000000 0.22705026 0.41953418 0.54814783 0.59331093 0.54814783 0.41953418 0.22705026 0.00000000 
0.00000000 0.25887790 0.47834398 0.62498653 0.67648055 0.62498653 0.47834398 0.25887790 0.00000000 
0.00000000 0.25704222 0.47495210 0.62055482 0.67168370 0.62055482 0.47495210 0.25704222 0.00000000 
0.00000000 0.22209213 0.41037274 0.53617782 0.58035469 0.53617782 0.41037274 0.22209213 0.00000000 
0.00000000 0.16003151 0.29569967 0.38635023 0.41818248 0.38635023 0.29569967 0.16003151 0.00000000 
0.00000000 0.08145218 0.15050401 0.19664297 0.21284481 0.19664297 0.15050401 0.08145218 0.00000000 
0.00000000 0.00000000 0.00000000 0.00000000 0.00000000 0.00000000 0.00000000 0.00000000 0.00000000 

0.00000000 0.00000000 0.00000000 0.00000000 0.00000000 0.00000000 0.00000000 0.00000000 0.00000000 0.00000000 0.00000000 0.00000000 0.00000000 0.00000000 0.00000000 0.00000000 0.00000000 0.00000000 0.00000000 0.00000000 0.00000000 0.00000000 0.00000000 0.00000000 0.00000000 
0.00000000 0.01501106 0.02976527 0.04401020 0.05750209 0.07001011 0.08132024 0.09123896 0.09959655 0.10625002 0.11108552 0.11402031 0.11500419 0.11402031 0.11108552 0.10625002 0.09959655 0.09123896 0.08132024 0.07001011 0.05750209 0.04401020 0.02976527 0.01501106 0.00000000 
0.00000000 0.02969511 0.05888213 0.08706167 0.11375155 0.13849511 0.16086898 0.18049034 0.19702346 0.21018545 0.21975111 0.22555677 0.22750309 0.22555677 0.21975111 0.21018545 0.19702346 0.18049034 0.16086898 0.13849511 0.11375155 0.08706167 0.05888213 0.02969511 0.00000000 
0.00000000 0.04372955 0.08671088 0.12820856 0.16751255 0.20395036 0.23689853 0.26579329 0.29014025 0.30952284 0.32360940 0.33215892 0.33502511 0.33215892 0.32360940 0.30952284 0.29014025 0.26579329 0.23689853 0.20395036 0.16751255 0.12820856 0.08671088 0.04372955 0.00000000 
0.00000000 0.05680045 0.11262903 0.16653050 0.21758258 0.26491177 0.30770824 0.34523974 0.37686409 0.40204019 0.42033727 0.43144227 0.43516516 0.43144227 0.42033727 0.40204019 0.37686409 0.34523974 0.30770824 0.26491177 0.21758258 0.16653050 0.11262903 0.05680045 0.00000000 

0.00000000 0.04372955 0.08671087 0.12820854 0.16751253 0.20395034 0.23689850 0.26579326 0.29014022 0.30952280 0.32360937 0.33215888 0.33502507 0.33215888 0.32360937 0.30952280 0.29014022 0.26579326 0.23689850 0.20395034 0.16751253 0.12820854 0.08671087 0.04372955 0.00000000 
0.00000000 0.05680046 0.11262905 0.16653052 0.21758261 0.26491180 0.30770828 0.34523978 0.37686413 0.40204024 0.42033732 0.43144232 0.43516522 0.43144232 0.42033732 0.40204024 0.37686413 0.34523978 0.30770828 0.26491180 0.21758261 0.16653052 0.11262905 0.05680046 0.00000000 
0.00000000 0.06812022 0.13507489 0.19971839 0.26094465 0.31770607 0.36903146 0.41404262 0.45196939 0.48216284 0.50410635 0.51742446 0.52188930 0.51742446 0.50410635 0.48216284 0.45196939 0.41404262 0.36903146 0.31770607 0.26094465 0.19971839 0.13507489 0.06812022 0.00000000 
0.00000000 0.07744262 0.15356017 0.22705026 0.29665547 0.36118481 0.41953418 0.47070521 0.51382234 0.54814783 0.57309435 0.58823508 0.59331093 0.58823508 0.57309435 0.54814783 0.51382234 0.47070521 0.41953418 0.36118481 0.29665547 0.22705026 0.15356017 0.07744262 0.00000000 

===================================================================================
=   BAD TERMINATION OF ONE OF YOUR APPLICATION PROCESSES
=   PID 478167 RUNNING AT west1
=   EXIT CODE: 9
=   CLEANING UP REMAINING PROCESSES
=   YOU CAN IGNORE THE BELOW CLEANUP MESSAGES
===================================================================================
YOUR APPLICATION TERMINATED WITH THE EXIT STRING: Segmentation fault (signal 11)
This typically refers to a problem with your application.
Please see the FAQ page for debugging suggestions
