============================================================
Program for calculation of partial differential equations.  
============================================================
(c) Dr. Thomas Ludwig, TU München.
    Thomas A. Zochler, TU München.
    Andreas C. Schmidt, TU München.
============================================================

Lines = 4, Startline = 0, Endline = 3
Lines = 3, Startline = 7, Endline = 9
Im middle rank 2, and I contain 5 lines
Lines = 3, Startline = 10, Endline = 12
Im middle rank 3, and I contain 5 lines
Lines = 3, Startline = 19, Endline = 21
Im middle rank 6, and I contain 5 lines
Lines = 3, Startline = 22, Endline = 24
Im last rank 7, and I contain 4 lines
Im first rank 0, and I contain 5 lines
Lines = 3, Startline = 4, Endline = 6
Im middle rank 1, and I contain 5 lines
Lines = 3, Startline = 13, Endline = 15
Im middle rank 4, and I contain 5 lines
Lines = 3, Startline = 16, Endline = 18
Im middle rank 5, and I contain 5 lines
2.00000000 0.00000000 0.00000000 0.00000000 0.00000000 0.00000000 0.00000000 1.12500000 0.12500000 
1.87500000 0.91135456 0.47793011 0.27532468 0.17032049 0.12304889 0.13881199 0.24649831 0.00000000 
1.95833333 1.24775269 0.76271789 0.46377754 0.28820770 0.19260431 0.14943214 0.11662867 0.04166667 
1.95833333 1.32559023 0.84582934 0.52335635 0.32444659 0.20895676 0.14304425 0.09083833 0.04166667 
1.95833333 1.33838558 0.85667170 0.52798273 0.32402602 0.20316125 0.13024308 0.07609141 0.04166667 
1.95833333 1.29438415 0.79652685 0.47684076 0.28709455 0.17628871 0.10945245 0.06297809 0.04166667 
1.95833333 1.18060057 0.65325460 0.36836992 0.21589082 0.13035687 0.07999562 0.04827413 0.04166667 
1.95833333 0.97086583 0.39762706 0.20411373 0.11632468 0.06940831 0.04264329 0.02980431 0.08333333 
1.87500000 0.87500000 0.00000000 0.00000000 0.00000000 0.00000000 0.00000000 0.00000000 0.00000000 

2.00000000 0.00000000 0.00000000 0.00000000 0.00000000 0.00000000 0.00000000 0.00000000 0.00000000 0.00000000 0.00000000 0.00000000 0.00000000 0.00000000 0.00000000 0.00000000 0.00000000 0.00000000 0.00000000 0.00000000 0.00000000 1.12500000 1.08333333 1.04166667 0.12500000 
1.95833333 0.96474150 0.57259811 0.38698999 0.28377391 0.21875938 0.17401776 0.14131176 0.11642341 0.09699316 0.08160988 0.06939546 0.05980817 0.05255942 0.04761066 0.04526593 0.04644949 0.05344976 0.07201640 0.11781219 0.23817927 0.59205139 0.64036824 0.50885916 0.08333333 
1.91666667 1.32803455 0.93866095 0.69158794 0.52934627 0.41724588 0.33599990 0.27480589 0.22738875 0.18993937 0.16005093 0.13616383 0.11727782 0.10281886 0.09261732 0.08700359 0.08708227 0.09533319 0.11680366 0.16105310 0.24285350 0.36465807 0.37722909 0.27006839 0.04166667 
1.87500000 1.49206909 1.16242322 0.91135456 0.72477739 0.58487801 0.47793011 0.39452317 0.32838638 0.27532468 0.23249069 0.19793114 0.17032049 0.14882093 0.13303622 0.12304889 0.11954286 0.12399711 0.13881199 0.16674309 0.20752358 0.24649831 0.23382168 0.15251866 0.00000000 
1.95833333 1.60281860 1.30760830 1.06662971 0.87353071 0.71955868 0.59631937 0.49697033 0.41630896 0.35048229 0.29665603 0.25274959 0.21725209 0.18910816 0.16765777 0.15261291 0.14404319 0.14230041 0.14770412 0.15958372 0.17399942 0.17998994 0.15904067 0.10618457 0.04166667 

1.87500000 1.49206909 1.16242322 0.91135455 0.72477737 0.58487799 0.47793008 0.39452314 0.32838635 0.27532464 0.23249066 0.19793111 0.17032045 0.14882089 0.13303619 0.12304886 0.11954283 0.12399708 0.13881197 0.16674307 0.20752356 0.24649830 0.23382167 0.15251866 0.00000000 
1.95833333 1.60281860 1.30760831 1.06662972 0.87353074 0.71955871 0.59631940 0.49697036 0.41630900 0.35048233 0.29665608 0.25274964 0.21725213 0.18910821 0.16765781 0.15261296 0.14404323 0.14230045 0.14770415 0.15958375 0.17399944 0.17998995 0.15904068 0.10618458 0.04166667 
1.91666667 1.65326368 1.39856172 1.17402532 0.98315716 0.82350676 0.69081849 0.58072995 0.48939701 0.41363965 0.35090175 0.29915929 0.25683029 0.22270206 0.19587395 0.17570198 0.16171675 0.15345736 0.15012049 0.14988835 0.14890053 0.14042142 0.11616653 0.07151231 0.00000000 
1.95833333 1.69500773 1.45934960 1.24775269 1.06156587 0.90049268 0.76271789 0.64573398 0.54690947 0.46377754 0.39415203 0.33615554 0.28820770 0.24899585 0.21743398 0.19260431 0.17366446 0.15969179 0.14943214 0.14094867 0.13129293 0.11662867 0.09369174 0.06369813 0.04166667 
   -nan 0.00000000 0.00000000 0.00000000 0.00000000    -nan 0.00000000 0.00000000 0.00000000 0.00000000    -nan 0.00000000 0.00000000 0.00000000 0.00000000    -nan 0.00000000 0.00000000 0.00000000 0.00000000    -nan 0.00000000 0.00000000 0.00000000 0.00000000 

1.91666667 1.65326367 1.39856171 1.17402530 0.98315714 0.82350672 0.69081845 0.58072991 0.48939696 0.41363959 0.35090170 0.29915924 0.25683023 0.22270201 0.19587389 0.17570193 0.16171670 0.15345732 0.15012046 0.14988832 0.14890050 0.14042140 0.11616652 0.07151230 0.00000000 
1.95833333 1.69500774 1.45934961 1.24775272 1.06156590 0.90049272 0.76271794 0.64573403 0.54690952 0.46377760 0.39415209 0.33615560 0.28820777 0.24899591 0.21743404 0.19260437 0.17366451 0.15969184 0.14943219 0.14094871 0.13129296 0.11662869 0.09369176 0.06369814 0.04166667 
1.91666667 1.70908434 1.49607631 1.29607008 1.11486107 0.95418036 0.81382660 0.69257880 0.58872958 0.50040925 0.42577353 0.36310338 0.31084940 0.26763990 0.23226205 0.20361708 0.18064518 0.16221341 0.14696780 0.13318140 0.11869399 0.10110867 0.07827370 0.04792184 0.00000000 
1.95833333 1.72858667 1.51980122 1.32559023 1.14762796 0.98754110 0.84582934 0.72202504 0.61502078 0.52335635 0.44542945 0.37963507 0.32444659 0.27845231 0.24035724 0.20895676 0.18308579 0.16154887 0.14304425 0.12611513 0.10919297 0.09083833 0.07037254 0.04971552 0.04166667 
   -nan 0.00000000 0.00000000 0.00000000 0.00000000    -nan 0.00000000 0.00000000 0.00000000 0.00000000    -nan 0.00000000 0.00000000 0.00000000 0.00000000    -nan 0.00000000 0.00000000 0.00000000 0.00000000    -nan 0.00000000 0.00000000 0.00000000 0.00000000 

1.91666667 1.70908433 1.49607629 1.29607005 1.11486103 0.95418032 0.81382655 0.69257874 0.58872952 0.50040918 0.42577346 0.36310331 0.31084933 0.26763983 0.23226198 0.20361701 0.18064513 0.16221336 0.14696775 0.13318136 0.11869396 0.10110865 0.07827368 0.04792183 0.00000000 
1.95833333 1.72858668 1.51980124 1.32559026 1.14762800 0.98754114 0.84582940 0.72202510 0.61502085 0.52335641 0.44542952 0.37963514 0.32444666 0.27845238 0.24035731 0.20895683 0.18308585 0.16154893 0.14304430 0.12611517 0.10919301 0.09083836 0.07037256 0.04971553 0.04166667 
1.91666667 1.72712780 1.52895175 1.33886179 1.16251959 1.00252689 0.85992485 0.73467146 0.62597243 0.53256616 0.45295315 0.38556114 0.32884988 0.28136578 0.24175814 0.20876719 0.18119260 0.15785226 0.13754541 0.11904206 0.10112457 0.08267925 0.06266270 0.03890107 0.00000000 
1.95833333 1.73430613 1.53001620 1.33838558 1.16106171 1.00012204 0.85667170 0.73076351 0.62163131 0.52798273 0.44825583 0.38080645 0.32402602 0.27640279 0.23654235 0.20316125 0.17506515 0.15112217 0.13024308 0.11138311 0.09358401 0.07609141 0.05869793 0.04322608 0.04166667 
   -nan 0.00000000 0.00000000 0.00000000 0.00000000    -nan 0.00000000 0.00000000 0.00000000 0.00000000    -nan 0.00000000 0.00000000 0.00000000 0.00000000    -nan 0.00000000 0.00000000 0.00000000 0.00000000    -nan 0.00000000 0.00000000 0.00000000 0.00000000 

1.91666667 1.72712779 1.52895173 1.33886176 1.16251955 1.00252685 0.85992480 0.73467140 0.62597236 0.53256610 0.45295308 0.38556107 0.32884981 0.28136571 0.24175807 0.20876712 0.18119254 0.15785221 0.13754536 0.11904201 0.10112454 0.08267923 0.06266268 0.03890107 0.00000000 
1.95833333 1.73430614 1.53001622 1.33838561 1.16106174 1.00012208 0.85667175 0.73076357 0.62163137 0.52798280 0.44825590 0.38080653 0.32402609 0.27640286 0.23654242 0.20316132 0.17506521 0.15112223 0.13024314 0.11138315 0.09358405 0.07609144 0.05869795 0.04322609 0.04166667 
1.91666667 1.72174722 1.51842141 1.32360273 1.14321977 0.98022804 0.83587660 0.71007981 0.60180681 0.50947789 0.43128128 0.36538311 0.31004524 0.26367728 0.22484750 0.19227058 0.16478484 0.14132841 0.12092185 0.10266346 0.08573710 0.06940455 0.05281160 0.03363868 0.00000000 
1.95833333 1.71759468 1.49831948 1.29438415 1.10798662 0.94169374 0.79652685 0.67187232 0.56603821 0.47684076 0.40200827 0.33939948 0.28709455 0.24341359 0.20689980 0.17628871 0.15047522 0.12848477 0.10945245 0.09261178 0.07729636 0.06297809 0.04950525 0.03851703 0.04166667 
   -nan 0.00000000 0.00000000 0.00000000 0.00000000    -nan 0.00000000 0.00000000 0.00000000 0.00000000    -nan 0.00000000 0.00000000 0.00000000 0.00000000 0.00000000 0.00000000 0.00000000 0.00000000 0.00000000    -nan 0.00000000 0.00000000 0.00000000 0.00000000 

1.91666667 1.72174721 1.51842139 1.32360270 1.14321974 0.98022800 0.83587655 0.71007975 0.60180675 0.50947783 0.43128121 0.36538304 0.31004517 0.26367721 0.22484743 0.19227051 0.16478478 0.14132835 0.12092180 0.10266342 0.08573706 0.06940452 0.05281158 0.03363867 0.00000000 
1.95833333 1.71759468 1.49831950 1.29438417 1.10798665 0.94169378 0.79652689 0.67187237 0.56603827 0.47684082 0.40200833 0.33939954 0.28709461 0.24341365 0.20689986 0.17628877 0.15047527 0.12848482 0.10945249 0.09261182 0.07729640 0.06297812 0.04950527 0.03851704 0.04166667 
1.91666667 1.69197870 1.46287777 1.24762786 1.05264894 0.88203361 0.73666491 0.61484460 0.51363318 0.42983891 0.36051179 0.30311223 0.25552015 0.21598298 0.18304964 0.15550950 0.13234277 0.11268320 0.09579157 0.08103502 0.06785861 0.05570630 0.04371435 0.02925755 0.00000000 
1.95833333 1.67077568 1.41358505 1.18060057 0.97294767 0.79712684 0.65325460 0.53720798 0.44381100 0.36836992 0.30708776 0.25701750 0.21589082 0.18194855 0.15380627 0.13035687 0.11070316 0.09411369 0.07999562 0.06787810 0.05739678 0.04827413 0.04038831 0.03479882 0.04166667 
   -nan 0.00000000 0.00000000 0.00000000 0.00000000    -nan 0.00000000 0.00000000 0.00000000 0.00000000    -nan 0.00000000 0.00000000 0.00000000 0.00000000    -nan 0.00000000 0.00000000 0.00000000 0.00000000 0.00000000 0.00000000 0.00000000 0.00000000 0.00000000 

1.91666667 1.69197869 1.46287776 1.24762783 1.05264891 0.88203357 0.73666487 0.61484455 0.51363313 0.42983886 0.36051174 0.30311217 0.25552009 0.21598292 0.18304958 0.15550944 0.13234272 0.11268315 0.09579153 0.08103498 0.06785859 0.05570627 0.04371434 0.02925754 0.00000000 
1.95833333 1.67077568 1.41358507 1.18060059 0.97294769 0.79712687 0.65325463 0.53720802 0.44381104 0.36836997 0.30708781 0.25701754 0.21589087 0.18194860 0.15380631 0.13035691 0.11070320 0.09411373 0.07999565 0.06787813 0.05739680 0.04827414 0.04038832 0.03479883 0.04166667 
1.91666667 1.61920565 1.34008625 1.08824176 0.86141442 0.68027162 0.54201879 0.43692187 0.35603307 0.29274219 0.24245202 0.20197936 0.16907729 0.14211431 0.11987020 0.10140871 0.08599948 0.07307294 0.06219924 0.05308511 0.04557637 0.03960520 0.03476598 0.02788279 0.00000000 
1.95833333 1.54929400 1.23931252 0.97086583 0.70419662 0.52052642 0.39762706 0.31242763 0.25065724 0.20411373 0.16799878 0.13937063 0.11632468 0.09756119 0.08215152 0.06940831 0.05881309 0.04997934 0.04264329 0.03668673 0.03221838 0.02980431 0.03118762 0.04196636 0.08333333 
   -nan 0.00000000 0.00000000 0.00000000 0.00000000 0.00000000 0.00000000 0.00000000 0.00000000 0.00000000    -nan 0.00000000 0.00000000 0.00000000 0.00000000    -nan 0.00000000 0.00000000 0.00000000 0.00000000    -nan 0.00000000 0.00000000 0.00000000 0.00000000 

1.91666667 1.61920564 1.34008624 1.08824175 0.86141440 0.68027160 0.54201876 0.43692184 0.35603304 0.29274215 0.24245199 0.20197932 0.16907726 0.14211427 0.11987017 0.10140868 0.08599944 0.07307291 0.06219921 0.05308509 0.04557635 0.03960518 0.03476597 0.02788279 0.00000000 
1.95833333 1.54929400 1.23931253 0.97086584 0.70419664 0.52052644 0.39762708 0.31242765 0.25065726 0.20411375 0.16799881 0.13937065 0.11632470 0.09756121 0.08215154 0.06940834 0.05881311 0.04997936 0.04264330 0.03668674 0.03221839 0.02980432 0.03118763 0.04196637 0.08333333 
1.91666667 1.38032451 1.09700403 0.85171243 0.46397988 0.30001045 0.21553549 0.16450443 0.13005462 0.10505680 0.08605884 0.07117979 0.05928970 0.04965434 0.04176647 0.03526002 0.02986531 0.02538814 0.02170791 0.01880020 0.01680617 0.01620608 0.01821386 0.02546172 0.04166667 
1.87500000 0.95833333 0.91666667 0.87500000 0.00000000 0.00000000 0.00000000 0.00000000 0.00000000 0.00000000 0.00000000 0.00000000 0.00000000 0.00000000 0.00000000 0.00000000 0.00000000 0.00000000 0.00000000 0.00000000 0.00000000 0.00000000 0.00000000 0.00000000 0.00000000 

