============================================================
Program for calculation of partial differential equations.  
============================================================
(c) Dr. Thomas Ludwig, TU München.
    Thomas A. Zochler, TU München.
    Andreas C. Schmidt, TU München.
============================================================

Lines = 4, Startline = 0, Endline = 3
Lines = 3, Startline = 4, Endline = 6
Lines = 3, Startline = 7, Endline = 9
Lines = 3, Startline = 10, Endline = 12
Lines = 3, Startline = 13, Endline = 15
Lines = 3, Startline = 16, Endline = 18
Lines = 3, Startline = 19, Endline = 21
Lines = 3, Startline = 22, Endline = 24
 1.0000  1.0000  1.0000  1.0000  1.0000  1.0000  1.0000  1.0000  1.0000 
 1.0000  1.0428  1.0791  1.1034  1.1119  1.1034  1.0791  1.0428  1.0000 
 1.0000  1.0615  1.1136  1.1485  1.1607  1.1485  1.1136  1.0615  1.0000 
 1.0000  1.0666  1.1230  1.1607  1.1739  1.1607  1.1230  1.0666  1.0000 
 1.0000  1.0660  1.1219  1.1593  1.1724  1.1593  1.1219  1.0660  1.0000 
 1.0000  1.0597  1.1102  1.1440  1.1559  1.1440  1.1102  1.0597  1.0000 
 1.0000  1.0472  1.0872  1.1140  1.1234  1.1140  1.0872  1.0472  1.0000 
 1.0000  1.0278  1.0513  1.0671  1.0726  1.0671  1.0513  1.0278  1.0000 
 1.0000  1.0000  1.0000  1.0000  1.0000  1.0000  1.0000  1.0000  1.0000 

1.00000000 1.00000000 1.00000000 1.00000000 1.00000000 1.00000000 1.00000000 1.00000000 1.00000000 1.00000000 1.00000000 1.00000000 1.00000000 1.00000000 1.00000000 1.00000000 1.00000000 1.00000000 1.00000000 1.00000000 1.00000000 1.00000000 1.00000000 1.00000000 1.00000000 
1.00000000 1.00552007 1.01094569 1.01618402 1.02114544 1.02574506 1.02990417 1.03355162 1.03662498 1.03907168 1.04084986 1.04192908 1.04229089 1.04192908 1.04084986 1.03907168 1.03662498 1.03355162 1.02990417 1.02574506 1.02114544 1.01618402 1.01094569 1.00552007 1.00000000 
1.00000000 1.01055074 1.02092095 1.03093319 1.04041616 1.04920760 1.05715709 1.06412860 1.07000285 1.07467933 1.07807803 1.08014079 1.08083233 1.08014079 1.07807803 1.07467933 1.07000285 1.06412860 1.05715709 1.04920760 1.04041616 1.03093319 1.02092095 1.01055074 1.00000000 
1.00000000 1.01460422 1.02895855 1.04281740 1.05594363 1.06811265 1.07911624 1.08876613 1.09689721 1.10337035 1.10807479 1.11093004 1.11188726 1.11093004 1.10807479 1.10337035 1.09689721 1.08876613 1.07911624 1.06811265 1.05594363 1.04281740 1.02895855 1.01460422 1.00000000 
1.00000000 1.01719582 1.03409741 1.05041558 1.06587113 1.08019961 1.09315585 1.10451816 1.11409214 1.12171398 1.12725325 1.13061519 1.13174226 1.13061519 1.12725325 1.12171398 1.11409214 1.10451816 1.09315585 1.08019961 1.06587113 1.05041558 1.03409741 1.01719582 1.00000000 

1.00000000 1.01460422 1.02895855 1.04281739 1.05594362 1.06811264 1.07911623 1.08876612 1.09689720 1.10337034 1.10807478 1.11093003 1.11188724 1.11093003 1.10807478 1.10337034 1.09689720 1.08876612 1.07911623 1.06811264 1.05594362 1.04281739 1.02895855 1.01460422 1.00000000 
1.00000000 1.01719582 1.03409741 1.05041559 1.06587114 1.08019961 1.09315586 1.10451817 1.11409216 1.12171399 1.12725326 1.13061520 1.13174227 1.13061520 1.12725326 1.12171399 1.11409216 1.10451817 1.09315586 1.08019961 1.06587114 1.05041559 1.03409741 1.01719582 1.00000000 
1.00000000 1.01949779 1.03866198 1.05716464 1.07468920 1.09093581 1.10562648 1.11850986 1.12936549 1.13800765 1.14428846 1.14810045 1.14937840 1.14810045 1.14428846 1.13800765 1.12936549 1.11850986 1.10562648 1.09093581 1.07468920 1.05716464 1.03866198 1.01949779 1.00000000 
1.00000000 1.02097567 1.04159244 1.06149756 1.08035043 1.09782849 1.11363267 1.12749257 1.13917103 1.14846824 1.15522512 1.15932605 1.16070087 1.15932605 1.15522512 1.14846824 1.13917103 1.12749257 1.11363267 1.09782849 1.08035043 1.06149756 1.04159244 1.02097567 1.00000000 

===================================================================================
=   BAD TERMINATION OF ONE OF YOUR APPLICATION PROCESSES
=   PID 477621 RUNNING AT west1
=   EXIT CODE: 139
=   CLEANING UP REMAINING PROCESSES
=   YOU CAN IGNORE THE BELOW CLEANUP MESSAGES
===================================================================================
YOUR APPLICATION TERMINATED WITH THE EXIT STRING: Segmentation fault (signal 11)
This typically refers to a problem with your application.
Please see the FAQ page for debugging suggestions
