============================================================
Program for calculation of partial differential equations.  
============================================================
(c) Dr. Thomas Ludwig, TU München.
    Thomas A. Zochler, TU München.
    Andreas C. Schmidt, TU München.
============================================================

Lines = 3, Startline = 7, Endline = 9
Lines = 3, Startline = 10, Endline = 12
Lines = 4, Startline = 0, Endline = 3
Lines = 3, Startline = 4, Endline = 6
Lines = 3, Startline = 13, Endline = 15
Lines = 3, Startline = 16, Endline = 18
Lines = 3, Startline = 19, Endline = 21
Lines = 3, Startline = 22, Endline = 24
0.00000000 0.00000000 0.00000000 0.00000000 0.00000000 0.00000000 0.00000000 0.00000000 0.00000000 
0.00000000 0.12820856 0.23689853 0.30952284 0.33502511 0.30952284 0.23689853 0.12820856 0.00000000 
0.00000000 0.22705026 0.41953418 0.54814783 0.59331093 0.54814783 0.41953418 0.22705026 0.00000000 
0.00000000 0.25887790 0.47834398 0.62498653 0.67648055 0.62498653 0.47834398 0.25887790 0.00000000 
0.00000000 0.25704222 0.47495210 0.62055482 0.67168370 0.62055482 0.47495210 0.25704222 0.00000000 
0.00000000 0.22209213 0.41037274 0.53617782 0.58035469 0.53617782 0.41037274 0.22209213 0.00000000 
0.00000000 0.16003151 0.29569967 0.38635023 0.41818248 0.38635023 0.29569967 0.16003151 0.00000000 
0.00000000 0.08145218 0.15050401 0.19664297 0.21284481 0.19664297 0.15050401 0.08145218 0.00000000 
0.00000000 0.00000000 0.00000000 0.00000000 0.00000000 0.00000000 0.00000000 0.00000000 0.00000000 

0.00000000 0.00000000 0.00000000 0.00000000 0.00000000 0.00000000 0.00000000 0.00000000 0.00000000 0.00000000 0.00000000 0.00000000 0.00000000 0.00000000 0.00000000 0.00000000 0.00000000 0.00000000 0.00000000 0.00000000 0.00000000 0.00000000 0.00000000 0.00000000 0.00000000 
0.00000000 0.01501106 0.02976527 0.04401020 0.05750209 0.07001011 0.08132024 0.09123896 0.09959655 0.10625002 0.11108552 0.11402031 0.11500419 0.11402031 0.11108552 0.10625002 0.09959655 0.09123896 0.08132024 0.07001011 0.05750209 0.04401020 0.02976527 0.01501106 0.00000000 
0.00000000 0.02969511 0.05888213 0.08706167 0.11375155 0.13849511 0.16086898 0.18049034 0.19702346 0.21018545 0.21975111 0.22555677 0.22750309 0.22555677 0.21975111 0.21018545 0.19702346 0.18049034 0.16086898 0.13849511 0.11375155 0.08706167 0.05888213 0.02969511 0.00000000 
0.00000000 0.04372955 0.08671088 0.12820856 0.16751255 0.20395036 0.23689853 0.26579329 0.29014025 0.30952284 0.32360940 0.33215892 0.33502511 0.33215892 0.32360940 0.30952284 0.29014025 0.26579329 0.23689853 0.20395036 0.16751255 0.12820856 0.08671088 0.04372955 0.00000000 

0.00000000 0.04372955 0.08671087 0.12820854 0.16751253 0.20395034 0.23689850 0.26579326 0.29014022 0.30952280 0.32360937 0.33215888 0.33502507 0.33215888 0.32360937 0.30952280 0.29014022 0.26579326 0.23689850 0.20395034 0.16751253 0.12820854 0.08671087 0.04372955 0.00000000 
0.00000000 0.05680046 0.11262905 0.16653052 0.21758261 0.26491180 0.30770828 0.34523978 0.37686413 0.40204024 0.42033732 0.43144232 0.43516522 0.43144232 0.42033732 0.40204024 0.37686413 0.34523978 0.30770828 0.26491180 0.21758261 0.16653052 0.11262905 0.05680046 0.00000000 
0.00000000 0.06812022 0.13507489 0.19971839 0.26094465 0.31770607 0.36903146 0.41404262 0.45196939 0.48216284 0.50410635 0.51742446 0.52188930 0.51742446 0.50410635 0.48216284 0.45196939 0.41404262 0.36903146 0.31770607 0.26094465 0.19971839 0.13507489 0.06812022 0.00000000 
0.00000000 0.07744262 0.15356017 0.22705026 0.29665547 0.36118481 0.41953418 0.47070521 0.51382234 0.54814783 0.57309435 0.58823508 0.59331093 0.58823508 0.57309435 0.54814783 0.51382234 0.47070521 0.41953418 0.36118481 0.29665547 0.22705026 0.15356017 0.07744262 0.00000000 

0.00000000 0.06812021 0.13507487 0.19971836 0.26094462 0.31770604 0.36903142 0.41404257 0.45196934 0.48216278 0.50410629 0.51742440 0.52188924 0.51742440 0.50410629 0.48216278 0.45196934 0.41404257 0.36903142 0.31770604 0.26094462 0.19971836 0.13507487 0.06812021 0.00000000 
0.00000000 0.07744263 0.15356019 0.22705029 0.29665550 0.36118485 0.41953423 0.47070527 0.51382240 0.54814789 0.57309442 0.58823514 0.59331100 0.58823514 0.57309442 0.54814789 0.51382240 0.47070527 0.41953423 0.36118485 0.29665550 0.22705029 0.15356019 0.07744263 0.00000000 
0.00000000 0.08421633 0.16699169 0.24690978 0.32260317 0.39277673 0.45622978 0.51187660 0.55876508 0.59609293 0.62322146 0.63968651 0.64520634 0.63968651 0.62322146 0.59609293 0.55876508 0.51187660 0.45622978 0.39277673 0.32260317 0.24690978 0.16699169 0.08421633 0.00000000 
0.00000000 0.08829843 0.17508605 0.25887790 0.33824027 0.41181526 0.47834398 0.53668810 0.58584934 0.62498653 0.65343003 0.67069316 0.67648055 0.67069316 0.65343003 0.62498653 0.58584934 0.53668810 0.47834398 0.41181526 0.33824027 0.25887790 0.17508605 0.08829843 0.00000000 

0.00000000 0.08421632 0.16699167 0.24690975 0.32260313 0.39277669 0.45622972 0.51187654 0.55876501 0.59609286 0.62322139 0.63968643 0.64520626 0.63968643 0.62322139 0.59609286 0.55876501 0.51187654 0.45622972 0.39277669 0.32260313 0.24690975 0.16699167 0.08421632 0.00000000 
0.00000000 0.08829844 0.17508607 0.25887793 0.33824031 0.41181531 0.47834404 0.53668816 0.58584941 0.62498660 0.65343011 0.67069324 0.67648062 0.67069324 0.65343011 0.62498660 0.58584941 0.53668816 0.47834404 0.41181531 0.33824031 0.25887793 0.17508607 0.08829844 0.00000000 
0.00000000 0.08945659 0.17738255 0.26227345 0.34267678 0.41721681 0.48461815 0.54372753 0.59353359 0.63318412 0.66200070 0.67949026 0.68535356 0.67949026 0.66200070 0.63318412 0.59353359 0.54372753 0.48461815 0.41721681 0.34267678 0.26227345 0.17738255 0.08945659 0.00000000 
0.00000000 0.08767232 0.17384453 0.25704222 0.33584185 0.40889513 0.47495210 0.53288250 0.58169515 0.62055482 0.64879663 0.66593735 0.67168370 0.66593735 0.64879663 0.62055482 0.58169515 0.53288250 0.47495210 0.40889513 0.33584185 0.25704222 0.17384453 0.08767232 0.00000000 

0.00000000 0.08945658 0.17738253 0.26227342 0.34267674 0.41721676 0.48461809 0.54372747 0.59353352 0.63318405 0.66200062 0.67949018 0.68535348 0.67949018 0.66200062 0.63318405 0.59353352 0.54372747 0.48461809 0.41721676 0.34267674 0.26227342 0.17738253 0.08945658 0.00000000 
0.00000000 0.08767233 0.17384455 0.25704225 0.33584189 0.40889518 0.47495215 0.53288257 0.58169521 0.62055489 0.64879671 0.66593743 0.67168378 0.66593743 0.64879671 0.62055489 0.58169521 0.53288257 0.47495215 0.40889518 0.33584189 0.25704225 0.17384455 0.08767233 0.00000000 
0.00000000 0.08306753 0.16471376 0.24354168 0.31820254 0.38741887 0.45000635 0.50489410 0.55114297 0.58796164 0.61472011 0.63096055 0.63640509 0.63096055 0.61472011 0.58796164 0.55114297 0.50489410 0.45000635 0.38741887 0.31820254 0.24354168 0.16471376 0.08306753 0.00000000 
0.00000000 0.07575149 0.15020685 0.22209213 0.29017735 0.35329755 0.41037274 0.46042634 0.50260191 0.53617782 0.56057959 0.57538968 0.58035469 0.57538968 0.56057959 0.53617782 0.50260191 0.46042634 0.41037274 0.35329755 0.29017735 0.22209213 0.15020685 0.07575149 0.00000000 

0.00000000 0.08306752 0.16471374 0.24354166 0.31820251 0.38741883 0.45000630 0.50489404 0.55114291 0.58796157 0.61472004 0.63096048 0.63640501 0.63096048 0.61472004 0.58796157 0.55114291 0.50489404 0.45000630 0.38741883 0.31820251 0.24354166 0.16471374 0.08306752 0.00000000 
0.00000000 0.07575150 0.15020687 0.22209215 0.29017738 0.35329760 0.41037279 0.46042639 0.50260197 0.53617789 0.56057965 0.57538975 0.58035476 0.57538975 0.56057965 0.53617789 0.50260197 0.46042639 0.41037279 0.35329760 0.29017738 0.22209215 0.15020687 0.07575150 0.00000000 
0.00000000 0.06618289 0.13123337 0.19403842 0.25352341 0.30867054 0.35853624 0.40226728 0.43911542 0.46845017 0.48976961 0.50270896 0.50704681 0.50270896 0.48976961 0.46845017 0.43911542 0.40226728 0.35853624 0.30867054 0.25352341 0.19403842 0.13123337 0.06618289 0.00000000 
0.00000000 0.05458377 0.10823359 0.16003151 0.20909124 0.25457336 0.29569967 0.33176647 0.36215665 0.38635023 0.40393326 0.41460487 0.41818248 0.41460487 0.40393326 0.38635023 0.36215665 0.33176647 0.29569967 0.25457336 0.20909124 0.16003151 0.10823359 0.05458377 0.00000000 

0.00000000 0.06618288 0.13123336 0.19403839 0.25352338 0.30867051 0.35853620 0.40226724 0.43911537 0.46845012 0.48976955 0.50270890 0.50704675 0.50270890 0.48976955 0.46845012 0.43911537 0.40226724 0.35853620 0.30867051 0.25352338 0.19403839 0.13123336 0.06618288 0.00000000 
0.00000000 0.05458377 0.10823360 0.16003153 0.20909127 0.25457339 0.29569970 0.33176651 0.36215669 0.38635028 0.40393331 0.41460492 0.41818253 0.41460492 0.40393331 0.38635028 0.36215669 0.33176651 0.29569970 0.25457339 0.20909127 0.16003153 0.10823360 0.05458377 0.00000000 
0.00000000 0.04168208 0.08265097 0.12220568 0.15966942 0.19440117 0.22580666 0.25334853 0.27655554 0.29503061 0.30845763 0.31660685 0.31933884 0.31660685 0.30845763 0.29503061 0.27655554 0.25334853 0.22580666 0.19440117 0.15966942 0.12220568 0.08265097 0.04168208 0.00000000 
0.00000000 0.02778182 0.05508829 0.08145218 0.10642241 0.12957171 0.15050401 0.16886114 0.18432902 0.19664297 0.20559230 0.21102390 0.21284481 0.21102390 0.20559230 0.19664297 0.18432902 0.16886114 0.15050401 0.12957171 0.10642241 0.08145218 0.05508829 0.02778182 0.00000000 

0.00000000 0.04168208 0.08265096 0.12220567 0.15966940 0.19440114 0.22580663 0.25334850 0.27655551 0.29503058 0.30845759 0.31660681 0.31933880 0.31660681 0.30845759 0.29503058 0.27655551 0.25334850 0.22580663 0.19440114 0.15966940 0.12220567 0.08265096 0.04168208 0.00000000 
0.00000000 0.02778183 0.05508830 0.08145219 0.10642242 0.12957173 0.15050403 0.16886117 0.18432904 0.19664299 0.20559233 0.21102392 0.21284484 0.21102392 0.20559233 0.19664299 0.18432904 0.16886117 0.15050403 0.12957173 0.10642242 0.08145219 0.05508830 0.02778183 0.00000000 
0.00000000 0.01377308 0.02731050 0.04038063 0.05275984 0.06423631 0.07461368 0.08371438 0.09138272 0.09748746 0.10192418 0.10461694 0.10551967 0.10461694 0.10192418 0.09748746 0.09138272 0.08371438 0.07461368 0.06423631 0.05275984 0.04038063 0.02731050 0.01377308 0.00000000 

