============================================================
Program for calculation of partial differential equations.  
============================================================
(c) Dr. Thomas Ludwig, TU München.
    Thomas A. Zochler, TU München.
    Andreas C. Schmidt, TU München.
============================================================

Lines = 3, Startline = 7, Endline = 9
Lines = 3, Startline = 10, Endline = 12
Lines = 3, Startline = 13, Endline = 15




Lines = 3, Startline = 16, Endline = 18




Lines = 4, Startline = 0, Endline = 3




Lines = 3, Startline = 4, Endline = 6












Lines = 3, Startline = 19, Endline = 21




Lines = 3, Startline = 22, Endline = 24




2.00000000 0.00000000 0.00000000 0.00000000 0.00000000 0.00000000 0.00000000 1.12500000 0.12500000 
1.87500000 0.91135456 0.47793011 0.27532468 0.17032049 0.12304889 0.13881199 0.24649831 0.00000000 
1.95833333 1.24775269 0.76271789 0.46377754 0.28820770 0.19260431 0.14943214 0.11662867 0.04166667 
1.95833333 1.32559023 0.84582934 0.52335635 0.32444659 0.20895676 0.14304425 0.09083833 0.04166667 
1.95833333 1.33838558 0.85667170 0.52798273 0.32402602 0.20316125 0.13024308 0.07609141 0.04166667 
1.95833333 1.29438415 0.79652685 0.47684076 0.28709455 0.17628871 0.10945245 0.06297809 0.04166667 
1.95833333 1.18060057 0.65325460 0.36836992 0.21589082 0.13035687 0.07999562 0.04827413 0.04166667 
1.95833333 0.97086583 0.39762706 0.20411373 0.11632468 0.06940831 0.04264329 0.02980431 0.08333333 
1.87500000 0.87500000 0.00000000 0.00000000 0.00000000 0.00000000 0.00000000 0.00000000 0.00000000 

2.00000000 0.00000000 0.00000000 0.00000000 0.00000000 0.00000000 0.00000000 0.00000000 0.00000000 0.00000000 0.00000000 0.00000000 0.00000000 0.00000000 0.00000000 0.00000000 0.00000000 0.00000000 0.00000000 0.00000000 0.00000000 1.12500000 1.08333333 1.04166667 0.12500000 
1.95833333 0.96474150 0.57259811 0.38698999 0.28377391 0.21875938 0.17401776 0.14131176 0.11642341 0.09699316 0.08160988 0.06939546 0.05980817 0.05255942 0.04761066 0.04526593 0.04644949 0.05344976 0.07201640 0.11781219 0.23817927 0.59205139 0.64036824 0.50885916 0.08333333 
1.91666667 1.32803455 0.93866095 0.69158794 0.52934627 0.41724588 0.33599990 0.27480589 0.22738875 0.18993937 0.16005093 0.13616383 0.11727782 0.10281886 0.09261732 0.08700359 0.08708227 0.09533319 0.11680366 0.16105310 0.24285350 0.36465807 0.37722909 0.27006839 0.04166667 
1.87500000 1.49206909 1.16242322 0.91135456 0.72477739 0.58487801 0.47793011 0.39452317 0.32838638 0.27532468 0.23249069 0.19793114 0.17032049 0.14882093 0.13303622 0.12304889 0.11954286 0.12399711 0.13881199 0.16674309 0.20752358 0.24649831 0.23382168 0.15251866 0.00000000 
1.95833333 1.60281860 1.30760830 1.06662971 0.87353071 0.71955868 0.59631937 0.49697033 0.41630896 0.35048229 0.29665603 0.25274959 0.21725209 0.18910816 0.16765777 0.15261291 0.14404319 0.14230041 0.14770412 0.15958372 0.17399942 0.17998994 0.15904067 0.10618457 0.04166667 

1.87500000 1.49206909 1.16242322 0.91135455 0.72477737 0.58487799 0.47793008 0.39452314 0.32838635 0.27532464 0.23249066 0.19793111 0.17032045 0.14882089 0.13303619 0.12304886 0.11954283 0.12399708 0.13881197 0.16674307 0.20752356 0.24649830 0.23382167 0.15251866 0.00000000 
1.95833333 1.60281860 1.30760831 1.06662972 0.87353074 0.71955871 0.59631940 0.49697036 0.41630900 0.35048233 0.29665608 0.25274964 0.21725213 0.18910821 0.16765781 0.15261296 0.14404323 0.14230045 0.14770415 0.15958375 0.17399944 0.17998995 0.15904068 0.10618458 0.04166667 
1.91666667 1.65326368 1.39856172 1.17402532 0.98315716 0.82350676 0.69081849 0.58072995 0.48939701 0.41363965 0.35090175 0.29915929 0.25683029 0.22270206 0.19587395 0.17570198 0.16171675 0.15345736 0.15012049 0.14988835 0.14890053 0.14042142 0.11616653 0.07151231 0.00000000 
1.95833333 1.69500773 1.45934960 1.24775269 1.06156587 0.90049268 0.76271789 0.64573398 0.54690947 0.46377754 0.39415203 0.33615554 0.28820770 0.24899585 0.21743398 0.19260431 0.17366446 0.15969179 0.14943214 0.14094867 0.13129293 0.11662867 0.09369174 0.06369813 0.04166667 

===================================================================================
=   BAD TERMINATION OF ONE OF YOUR APPLICATION PROCESSES
=   PID 479641 RUNNING AT west1
=   EXIT CODE: 9
=   CLEANING UP REMAINING PROCESSES
=   YOU CAN IGNORE THE BELOW CLEANUP MESSAGES
===================================================================================
YOUR APPLICATION TERMINATED WITH THE EXIT STRING: Segmentation fault (signal 11)
This typically refers to a problem with your application.
Please see the FAQ page for debugging suggestions
