============================================================
Program for calculation of partial differential equations.  
============================================================
(c) Dr. Thomas Ludwig, TU München.
    Thomas A. Zochler, TU München.
    Andreas C. Schmidt, TU München.
============================================================

Lines = 5, Startline = 0, Endline = 4
 5.0000  5.0000  5.0000  5.0000  5.0000  5.0000  5.0000  5.0000  3.0000 
 2.0000  1.0000  1.0000  1.0000  1.0000  1.0000  1.0000  1.0000  3.0000 
 2.0000  1.0000  1.0000  1.0000  1.0000  1.0000  1.0000 Lines = 4, Startline = 5, Endline = 8
 1.0000  3.0000 
 2.0000  1.0000  1.0000  1.0000  1.0000  1.0000  1.0000  1.0000  3.0000 
 2.0000  1.0000  1.0000  1.0000  1.0000  1.0000  1.0000  1.0000  3.0000 
 1.0000  1.0000  1.0000  1.0000  1.0000  1.0000  1.0000  1.0000  3.0000 
 2.0000  1.0000  1.0000  1.0000  1.0000  1.0000  1.0000  1.0000  3.0000 
 2.0000  1.0000  1.0000  1.0000  1.0000  1.0000  1.0000  1.0000  3.0000 
 6.0000  6.0000  6.0000  6.0000  6.0000  6.0000  6.0000  6.0000  6.0000 
 5.0000  5.0000  5.0000  5.0000  5.0000  5.0000  5.0000  5.0000  3.0000 
 2.0000  3.4583  4.0071  4.2368  4.3292  4.3350  4.2373  3.9224  3.0000 
 2.0000  2.8261  3.3333  3.6110  3.7448  3.7736  3.6917  3.4523  3.0000 
 2.0000  2.5127  2.8892  3.1288  3.2656  3.3229  3.3036  3.1951  3.0000 
 2.0000  2.3356  2.5819  2.7496  2.8658  2.9489  3.0045  3.0247  3.0000 
 2.0000  2.3356  2.5819  2.7496  2.8658  2.9489  3.0045  3.0247  3.0000 
 2.0000  2.2479  2.3532  2.4218  2.4991  2.6025  2.7408  2.8990  3.0000 
 2.0000  2.3027  2.1613  2.0854  2.1063  2.2212  2.4571  2.8307  3.0000 
 6.0000  2.8016  1.9037  1.6521  1.6194  1.7191  2.0357  2.9666  6.0000 
