============================================================
Program for calculation of partial differential equations.  
============================================================
(c) Dr. Thomas Ludwig, TU München.
    Thomas A. Zochler, TU München.
    Andreas C. Schmidt, TU München.
============================================================

Lines = 4, Startline = 0, Endline = 3
Lines = 3, Startline = 4, Endline = 6
Lines = 3, Startline = 7, Endline = 9
Lines = 3, Startline = 10, Endline = 12
Lines = 3, Startline = 13, Endline = 15
Lines = 3, Startline = 16, Endline = 18
Lines = 3, Startline = 19, Endline = 21
Lines = 3, Startline = 22, Endline = 24
0.00000000 0.00000000 0.00000000 0.00000000 0.00000000 0.00000000 0.00000000 0.00000000 0.00000000 
0.00000000 0.04281740 0.07911624 0.10337035 0.11188726 0.10337035 0.07911624 0.04281740 0.00000000 
0.00000000 0.06149756 0.11363267 0.14846824 0.16070087 0.14846824 0.11363267 0.06149756 0.00000000 
0.00000000 0.06656525 0.12299654 0.16070273 0.17394338 0.16070273 0.12299654 0.06656525 0.00000000 
0.00000000 0.06596698 0.12189109 0.15925838 0.17238003 0.15925838 0.12189109 0.06596698 0.00000000 
0.00000000 0.05966164 0.11024033 0.14403593 0.15590337 0.14403593 0.11024033 0.05966164 0.00000000 
0.00000000 0.04721581 0.08724344 0.11398905 0.12338086 0.11398905 0.08724344 0.04721581 0.00000000 
0.00000000 0.02777404 0.05131973 0.06705247 0.07257707 0.06705247 0.05131973 0.02777404 0.00000000 
0.00000000 0.00000000 0.00000000 0.00000000 0.00000000 0.00000000 0.00000000 0.00000000 0.00000000 

0.00000000 0.00000000 0.00000000 0.00000000 0.00000000 0.00000000 0.00000000 0.00000000 0.00000000 0.00000000 0.00000000 0.00000000 0.00000000 0.00000000 0.00000000 0.00000000 0.00000000 0.00000000 0.00000000 0.00000000 0.00000000 0.00000000 0.00000000 0.00000000 0.00000000 
0.00000000 0.00552007 0.01094569 0.01618402 0.02114544 0.02574506 0.02990417 0.03355162 0.03662498 0.03907168 0.04084986 0.04192908 0.04229089 0.04192908 0.04084986 0.03907168 0.03662498 0.03355162 0.02990417 0.02574506 0.02114544 0.01618402 0.01094569 0.00552007 0.00000000 
0.00000000 0.01055074 0.02092095 0.03093319 0.04041616 0.04920760 0.05715709 0.06412860 0.07000285 0.07467933 0.07807803 0.08014079 0.08083233 0.08014079 0.07807803 0.07467933 0.07000285 0.06412860 0.05715709 0.04920760 0.04041616 0.03093319 0.02092095 0.01055074 0.00000000 
0.00000000 0.01460422 0.02895855 0.04281740 0.05594363 0.06811265 0.07911624 0.08876613 0.09689721 0.10337035 0.10807479 0.11093004 0.11188726 0.11093004 0.10807479 0.10337035 0.09689721 0.08876613 0.07911624 0.06811265 0.05594363 0.04281740 0.02895855 0.01460422 0.00000000 
0.00000000 0.01719582 0.03409741 0.05041558 0.06587113 0.08019961 0.09315585 0.10451816 0.11409214 0.12171398 0.12725325 0.13061519 0.13174226 0.13061519 0.12725325 0.12171398 0.11409214 0.10451816 0.09315585 0.08019961 0.06587113 0.05041558 0.03409741 0.01719582 0.00000000 

0.00000000 0.01460422 0.02895855 0.04281739 0.05594362 0.06811264 0.07911623 0.08876612 0.09689720 0.10337034 0.10807478 0.11093003 0.11188724 0.11093003 0.10807478 0.10337034 0.09689720 0.08876612 0.07911623 0.06811264 0.05594362 0.04281739 0.02895855 0.01460422 0.00000000 
0.00000000 0.01719582 0.03409741 0.05041559 0.06587114 0.08019961 0.09315586 0.10451817 0.11409216 0.12171399 0.12725326 0.13061520 0.13174227 0.13061520 0.12725326 0.12171399 0.11409216 0.10451817 0.09315586 0.08019961 0.06587114 0.05041559 0.03409741 0.01719582 0.00000000 
0.00000000 0.01949779 0.03866198 0.05716464 0.07468920 0.09093581 0.10562648 0.11850986 0.12936549 0.13800765 0.14428846 0.14810045 0.14937840 0.14810045 0.14428846 0.13800765 0.12936549 0.11850986 0.10562648 0.09093581 0.07468920 0.05716464 0.03866198 0.01949779 0.00000000 
0.00000000 0.02097567 0.04159244 0.06149756 0.08035043 0.09782849 0.11363267 0.12749257 0.13917103 0.14846824 0.15522512 0.15932605 0.16070087 0.15932605 0.15522512 0.14846824 0.13917103 0.12749257 0.11363267 0.09782849 0.08035043 0.06149756 0.04159244 0.02097567 0.00000000 

===================================================================================
=   BAD TERMINATION OF ONE OF YOUR APPLICATION PROCESSES
=   PID 477983 RUNNING AT west1
=   EXIT CODE: 9
=   CLEANING UP REMAINING PROCESSES
=   YOU CAN IGNORE THE BELOW CLEANUP MESSAGES
===================================================================================
YOUR APPLICATION TERMINATED WITH THE EXIT STRING: Segmentation fault (signal 11)
This typically refers to a problem with your application.
Please see the FAQ page for debugging suggestions
