Lines = 4, Startline = 0, Endline = 3
Im first rank 0, and I contain 5 lines
Im rank 0, and I calculate 3 lines, start 1, end 3
Lines = 3, Startline = 4, Endline = 6
Im middle rank 1, and I contain 5 lines
Im rank 1, and I calculate 3 lines, start 5, end 7
Lines = 3, Startline = 7, Endline = 9
Im middle rank 2, and I contain 5 lines
Im rank 2, and I calculate 3 lines, start 8, end 10
Lines = 3, Startline = 10, Endline = 12
Im middle rank 3, and I contain 5 lines
Im rank 3, and I calculate 3 lines, start 11, end 13
Lines = 3, Startline = 13, Endline = 15
Im middle rank 4, and I contain 5 lines
Im rank 4, and I calculate 3 lines, start 14, end 16
Lines = 3, Startline = 16, Endline = 18
Im middle rank 5, and I contain 5 lines
Im rank 5, and I calculate 3 lines, start 17, end 19
Lines = 3, Startline = 19, Endline = 21
Im middle rank 6, and I contain 5 lines
Im rank 6, and I calculate 3 lines, start 20, end 22
Lines = 3, Startline = 22, Endline = 24
Im last rank 7, and I contain 4 lines
Im rank 7, and I calculate 2 lines, start 23, end 24
2.00000000 1.87500000 1.75000000 1.62500000 1.50000000 1.37500000 1.25000000 1.12500000 0.16666667 
1.87500000 1.73709640 1.61388286 1.48754739 1.35458803 1.20703977 1.02252724 0.72871977 0.04166667 
1.70833333 1.59941331 1.48108021 1.35613555 1.22205978 1.07040787 0.88264694 0.62649598 0.20833333 
1.58333333 1.47052864 1.35414718 1.23312182 1.10571506 0.96752970 0.81055174 0.62522910 0.33333333 
1.45833333 1.34573902 1.23174853 1.11615477 0.99962454 0.88313104 0.76765290 0.65315072 0.45833333 
1.33333333 1.22260029 1.11113311 1.00023089 0.89357416 0.79774613 0.72295788 0.67934239 0.58333333 
1.20833333 1.10058293 0.99033744 0.88053927 0.77736069 0.69174725 0.64469349 0.67076662 0.70833333 
1.08333333 0.98206971 0.86947107 0.75490969 0.64507557 0.54977929 0.49308294 0.54802062 0.83333333 
0.95833333 0.87500000 0.75000000 0.62500000 0.50000000 0.37500000 0.25000000 0.12500000 0.91666667 

2.00000000 1.95833333 1.91666667 1.87500000 1.83333333 1.79166667 1.75000000 1.70833333 1.66666667 1.62500000 1.58333333 1.54166667 1.50000000 1.45833333 1.41666667 1.37500000 1.33333333 1.29166667 1.25000000 1.20833333 1.16666667 1.12500000 1.08333333 1.04166667 0.16666667 
1.95833333 1.91452632 1.87164736 1.82950699 1.78774989 1.74612765 1.70449747 1.66277692 1.62090947 1.57884371 1.53652043 1.49386250 1.45076423 1.40707707 1.36258789 1.31698355 1.26978958 1.22025813 1.16714951 1.10827475 1.03945595 0.95193294 0.82518633 0.60472167 0.12500000 
1.91666667 1.86979140 1.82588973 1.78363111 1.74203215 1.70059723 1.65908607 1.61736827 1.57535152 1.53294596 1.49004322 1.44649974 1.40211843 1.35662390 1.30962534 1.26055773 1.20858424 1.15242763 1.09006592 1.01816085 0.93095001 0.81808989 0.66075766 0.42703384 0.08333333 
1.87500000 1.82208318 1.77848962 1.73709640 1.69615146 1.65514435 1.61388286 1.57226027 1.53018425 1.48754739 1.44420885 1.39997696 1.35458803 1.30767689 1.25873393 1.20703977 1.15156390 1.09080395 1.02252724 0.94335404 0.84809443 0.72871977 0.57272116 0.35932295 0.04166667 
1.79166667 1.76505185 1.72888943 1.69011383 1.65033348 1.60994653 1.56904149 1.52760657 1.48557875 1.44285151 1.39926886 1.35461231 1.30858089 1.26076279 1.21059477 1.15730452 1.09982858 1.03669790 0.96588579 0.88463431 0.78935441 0.67597404 0.54208452 0.39587029 0.29166667 

1.87500000 1.82208297 1.77848920 1.73709578 1.69615066 1.65514337 1.61388171 1.57225898 1.53018285 1.48754589 1.44420729 1.39997536 1.35458641 1.30767529 1.25873237 1.20703827 1.15156250 1.09080267 1.02252609 0.94335305 0.84809362 0.72871916 0.57272074 0.35932274 0.04166667 
1.79166667 1.76505212 1.72888997 1.69011464 1.65033454 1.60994782 1.56904299 1.52760825 1.48558058 1.44285346 1.39927091 1.35461441 1.30858300 1.26076489 1.21059681 1.15730647 1.09983041 1.03669958 0.96588728 0.88463560 0.78935547 0.67597485 0.54208507 0.39587057 0.29166667 
1.75000000 1.71756921 1.68190460 1.64413924 1.60512634 1.56527191 1.52473600 1.48355246 1.44167998 1.39901881 1.35541096 1.31063088 1.26436889 1.21620696 1.16558601 1.11176274 1.05375532 0.99027996 0.91968969 0.83994814 0.74871909 0.64374069 0.52377478 0.39040813 0.25000000 
1.70833333 1.67332077 1.63702131 1.59941331 1.56076222 1.52128060 1.48108021 1.44018965 1.39857248 1.35613555 1.31272812 1.26813433 1.22205978 1.17411311 1.12378243 1.07040787 1.01315255 0.95097931 0.88264694 0.80675129 0.72183461 0.62649598 0.51886654 0.39198783 0.20833333 
1.66666667 1.63035955 1.59344722 1.55573144 1.51722992 1.47800958 1.43811643 1.39755545 1.35628696 1.31422512 1.27123414 1.22712105 1.18162536 1.13440577 1.08502522 1.03293608 0.97746995 0.91783977 0.85316930 0.78257701 0.70537336 0.62154306 0.53320823 0.45034367 0.41666667 

1.70833333 1.67332038 1.63702053 1.59941216 1.56076072 1.52127878 1.48107810 1.44018727 1.39856989 1.35613279 1.31272523 1.26813137 1.22205679 1.17411015 1.12377954 1.07040511 1.01314996 0.95097693 0.88264483 0.80674947 0.72183312 0.62649484 0.51886577 0.39198744 0.20833333 
1.66666667 1.63035999 1.59344809 1.55573272 1.51723159 1.47801162 1.43811881 1.39755811 1.35628987 1.31422822 1.27123738 1.22712438 1.18162872 1.13440910 1.08502847 1.03293918 0.97747286 0.91784244 0.85317167 0.78257905 0.70537504 0.62154435 0.53320909 0.45034411 0.41666667 
1.62500000 1.58800530 1.55068005 1.51284044 1.47442311 1.43541955 1.39582995 1.35563939 1.31480638 1.27325624 1.23087519 1.18750367 1.14292822 1.09687270 1.04898952 0.99885368 0.94596298 0.88975119 0.82962293 0.76502225 0.69554545 0.62109981 0.54208310 0.45951370 0.37500000 
1.58333333 1.54598212 1.50842823 1.47052864 1.43220449 1.39341790 1.35414718 1.31436885 1.27404630 1.23312182 1.19151047 1.14909403 1.10571506 1.06117111 1.01521026 0.96752970 0.91778048 0.86558213 0.81055174 0.75234595 0.69068835 0.62522910 0.55451167 0.47062852 0.33333333 
1.54166667 1.50416208 1.46652307 1.42864279 1.39045011 1.35190262 1.31297455 1.27364544 1.23389126 1.19367764 1.15295434 1.11165054 1.06967049 1.02689003 0.98315418 0.93827777 0.89205021 0.84424801 0.79465848 0.74312370 0.68963467 0.63461799 0.58010688 0.53515586 0.54166667 

1.58333333 1.54598161 1.50842722 1.47052714 1.43220254 1.39341552 1.35414441 1.31436575 1.27404291 1.23311821 1.19150670 1.14909015 1.10571115 1.06116723 1.01520648 0.96752609 0.91777709 0.86557903 0.81054897 0.75234357 0.69068639 0.62522761 0.55451066 0.47062801 0.33333333 
1.54166667 1.50416262 1.46652412 1.42864435 1.39045215 1.35190511 1.31297744 1.27364868 1.23389480 1.19368142 1.15295829 1.11165459 1.06967458 1.02689408 0.98315813 0.93828155 0.89205375 0.84425125 0.79466137 0.74312619 0.68963672 0.63461955 0.58010794 0.53515639 0.54166667 
1.50000000 1.46247861 1.42486339 1.38707557 1.34905870 1.31077785 1.27221450 1.23336002 1.19420981 1.15475820 1.11499448 1.07489944 1.03444269 0.99358046 0.95225446 0.91039203 0.86790874 0.82471414 0.78072205 0.73586560 0.69011683 0.64350754 0.59614623 0.54822351 0.50000000 
1.45833333 1.42088951 1.38337739 1.34573902 1.30793334 1.26993815 1.23174853 1.19337369 1.15483337 1.11615477 1.07736997 1.03851423 0.99962454 0.96073885 0.92189519 0.88313104 0.84448219 0.80598112 0.76765290 0.72950239 0.69146160 0.65315072 0.61274806 0.56159248 0.45833333 
1.41666667 1.37936925 1.34201873 1.30457136 1.26699959 1.22929540 1.19147074 1.15355612 1.11559883 1.07766134 1.03982045 1.00216705 0.96480657 0.92785930 0.89146047 0.85575857 0.82091147 0.78707852 0.75440902 0.72303197 0.69307855 0.66488725 0.64010390 0.62706558 0.66666667 

1.45833333 1.42088896 1.38337630 1.34573740 1.30793122 1.26993558 1.23174554 1.19337034 1.15482971 1.11615086 1.07736588 1.03851003 0.99962031 0.96073466 0.92189111 0.88312713 0.84447852 0.80597776 0.76764991 0.72949982 0.69145948 0.65314910 0.61274697 0.56159193 0.45833333 
1.41666667 1.37936980 1.34201982 1.30457296 1.26700168 1.22929795 1.19147371 1.15355944 1.11560247 1.07766522 1.03982450 1.00217121 0.96481076 0.92786346 0.89146452 0.85576245 0.82091510 0.78708185 0.75441199 0.72303453 0.69308065 0.66488885 0.64010499 0.62706613 0.66666667 
1.37500000 1.33790428 1.30076125 1.26353451 1.22620660 1.18878333 1.15129473 1.11379451 1.07635898 1.03908681 1.00209959 0.96554359 0.92959209 0.89444796 0.86034496 0.82754680 0.79634107 0.76702578 0.73988451 0.71514813 0.69294175 0.67322224 0.65571904 0.63990145 0.62500000 
1.33333333 1.29648711 1.25958849 1.22260029 1.18551094 1.14833894 1.11113311 1.07397125 1.03695914 1.00023089 0.96395127 0.92831943 0.89357416 0.85999928 0.82792837 0.79774613 0.76988364 0.74480205 0.72295788 0.70473663 0.69032002 0.67934239 0.66964957 0.65182171 0.58333333 
1.29166667 1.25512288 1.21850637 1.18176877 1.14489995 1.10793085 1.07093038 1.03400148 0.99727891 0.96093012 0.92515906 0.89021275 0.85638985 0.82405069 0.79362701 0.76562949 0.74064878 0.71934413 0.70241119 0.69052299 0.68426130 0.68417930 0.69171618 0.71440300 0.79166667 

1.33333333 1.29648660 1.25958748 1.22259879 1.18550899 1.14833656 1.11113035 1.07396815 1.03695575 1.00022728 0.96394750 0.92831555 0.89357025 0.85999541 0.82792460 0.79774252 0.76988025 0.74479895 0.72295512 0.70473425 0.69031806 0.67934089 0.66964856 0.65182120 0.58333333 
1.29166667 1.25512336 1.21850731 1.18177017 1.14490178 1.10793308 1.07093297 1.03400439 0.99728208 0.96093351 0.92516260 0.89021638 0.85639351 0.82405433 0.79363055 0.76563288 0.74065195 0.71934703 0.70241378 0.69052522 0.68426314 0.68418070 0.69171712 0.71440348 0.79166667 
1.25000000 1.21383329 1.17754911 1.14107406 1.10439656 1.06756300 1.03066643 0.99383697 0.95723758 0.92106512 0.88555625 0.85099713 0.81773646 0.78620110 0.75691363 0.73050954 0.70775055 0.68952608 0.67683010 0.67069173 0.67203024 0.68140291 0.69863663 0.72240935 0.75000000 
1.20833333 1.17266158 1.13678347 1.10058293 1.06405072 1.02726000 0.99033744 0.95344476 0.91677188 0.88053927 0.84500653 0.81048602 0.77736069 0.74610658 0.71731970 0.69174725 0.67032034 0.65418190 0.64469349 0.64338540 0.65176647 0.67076662 0.69901886 0.72659817 0.70833333 
1.16666667 1.13169664 1.09634115 1.06042475 1.02396505 0.98709084 0.94998096 0.91283538 0.87586881 0.83931660 0.80344782 0.76858300 0.73511705 0.70354810 0.67451459 0.64884249 0.62760456 0.61219032 0.60437893 0.60639192 0.62088532 0.65087949 0.70007488 0.77663156 0.91666667 

1.20833333 1.17266119 1.13678270 1.10058179 1.06404922 1.02725818 0.99033533 0.95344239 0.91676929 0.88053650 0.84500364 0.81048305 0.77735770 0.74610361 0.71731681 0.69174449 0.67031775 0.65417953 0.64469138 0.64338358 0.65176498 0.67076547 0.69901808 0.72659778 0.70833333 
1.16666667 1.13169697 1.09634181 1.06042573 1.02396633 0.98709240 0.94998278 0.91283742 0.87587104 0.83931898 0.80345031 0.76858555 0.73511963 0.70355065 0.67451707 0.64884486 0.62760679 0.61219236 0.60438076 0.60639348 0.62088661 0.65088047 0.70007555 0.77663190 0.91666667 
1.12500000 1.09111850 1.05646239 1.02081381 0.98429901 0.94716362 0.90966742 0.87205517 0.83456026 0.79742004 0.76089505 0.72529133 0.69098668 0.65846440 0.62835797 0.60151306 0.57907397 0.56260406 0.55424727 0.55692428 0.57450854 0.61179508 0.67377226 0.76318788 0.87500000 
1.08333333 1.05131518 1.01757651 0.98206971 0.94525436 0.90759818 0.86947107 0.83115886 0.79289843 0.75490969 0.71742260 0.68070214 0.64507557 0.61096640 0.57894140 0.54977929 0.52457559 0.50490593 0.49308294 0.49255034 0.50843031 0.54802062 0.62003164 0.72734788 0.83333333 
1.04166667 1.01323266 0.98045930 0.94463495 0.90705160 0.86850497 0.82946130 0.79021246 0.75096672 0.71189964 0.67318552 0.63502116 0.59764914 0.56138634 0.52666396 0.49408907 0.46454496 0.43936283 0.42062971 0.41176512 0.41864279 0.45182625 0.53098635 0.69283896 1.00000000 

1.08333333 1.05131497 1.01757609 0.98206909 0.94525355 0.90759720 0.86946993 0.83115758 0.79289703 0.75490819 0.71742103 0.68070053 0.64507395 0.61096480 0.57893984 0.54977780 0.52457418 0.50490465 0.49308180 0.49254935 0.50842950 0.54802000 0.62003122 0.72734767 0.83333333 
1.04166667 1.01323280 0.98045959 0.94463537 0.90705215 0.86850563 0.82946207 0.79021333 0.75096766 0.71190065 0.67318658 0.63502224 0.59765024 0.56138743 0.52666501 0.49409009 0.46454591 0.43936370 0.42063048 0.41176578 0.41864333 0.45182666 0.53098663 0.69283910 1.00000000 
1.00000000 0.97949005 0.94639422 0.90896087 0.86981431 0.82991143 0.78965979 0.74926643 0.70886012 0.66854067 0.62840292 0.58855216 0.54911788 0.51027020 0.47224324 0.43537211 0.40015615 0.36737417 0.33831104 0.31524029 0.30255166 0.30965690 0.35924969 0.51302216 0.95833333 
0.95833333 0.95833333 0.91666667 0.87500000 0.83333333 0.79166667 0.75000000 0.70833333 0.66666667 0.62500000 0.58333333 0.54166667 0.50000000 0.45833333 0.41666667 0.37500000 0.33333333 0.29166667 0.25000000 0.20833333 0.16666667 0.12500000 0.08333333 0.04166667 0.91666667 

