============================================================
Program for calculation of partial differential equations.  
============================================================
(c) Dr. Thomas Ludwig, TU München.
    Thomas A. Zochler, TU München.
    Andreas C. Schmidt, TU München.
============================================================

Lines = 5, Startline = 0, Endline = 4
Lines = 4, Startline = 5, Endline = 8
 1.0000  1.0000  1.0000  1.0000  1.0000  1.0000  1.0000  1.0000  1.0000 
 1.0000  1.1423  1.2630  1.3436  1.3719  1.3436  1.2630  1.1423  1.0000 
 1.0000  1.2611  1.4825  1.6304  1.6824  1.6304  1.4825  1.2611  1.0000 
 1.0000  1.3363  1.6213  1.8118  1.8787  1.8118  1.6213  1.3363  1.0000 
 1.0000  1.3535  1.6532  1.8535  1.9238  1.8535  1.6532  1.3535  1.0000 
 1.0000  1.3535  1.6532  1.8535  1.9238  1.8535  1.6532  1.3535  1.0000 
 1.0000  1.3066  1.5665  1.7401  1.8011  1.7401  1.5665  1.3066  1.0000 
 1.0000  1.2611  1.4825  1.6304  1.6824  1.6304  1.4825  1.2611  1.0000 
 1.0000  1.1720  1.3178  1.4152  1.4495  1.4152  1.3178  1.1720  1.0000 

 1.0000  1.0000  1.0000  1.0000  1.0000  1.0000  1.0000  1.0000  1.0000 
 1.0000  1.1423  1.2630  1.3436  1.3719  1.3436  1.2630  1.1423  1.0000 
 1.0000  1.2611  1.4825  1.6304  1.6824  1.6304  1.4825  1.2611  1.0000 
 1.0000  1.3363  1.6213  1.8118  1.8787  1.8118  1.6213  1.3363  1.0000 
 1.0000  1.3535  1.6532  1.8535  1.9238  1.8535  1.6532  1.3535  1.0000 
 1.0000  1.3066  1.5665  1.7401  1.8011  1.7401  1.5665  1.3066  1.0000 
 1.0000  1.2611  1.4825  1.6304  1.6824  1.6304  1.4825  1.2611  1.0000 
 1.0000  1.1720  1.3178  1.4152  1.4495  1.4152  1.3178  1.1720  1.0000 
 1.0000  1.0000  1.0000  1.0000  1.0000  1.0000  1.0000  1.0000  1.0000 