Running sequential version
srun ./backup/partdiff 1 1 256 1 2 256
Berechnungszeit:    13.545941 s 
Speicherbedarf:     32.281868 MiB
Berechnungsmethode: Gauß-Seidel
Interlines:         256
Stoerfunktion:      f(x,y) = 0
Terminierung:       Anzahl der Iterationen
Anzahl Iterationen: 256
Norm des Fehlers:   2.690031e-03

Matrix:
 2.0000 1.8750 1.7500 1.6250 1.5000 1.3750 1.2500 1.1250 1.0000
 1.8750 0.0000 0.0000 0.0000 0.0000 0.0000 0.0000 0.0000 0.8750
 1.7500 0.0000 0.0000 0.0000 0.0000 0.0000 0.0000 0.0000 0.7500
 1.6250 0.0000 0.0000 0.0000 0.0000 0.0000 0.0000 0.0000 0.6250
 1.5000 0.0000 0.0000 0.0000 0.0000 0.0000 0.0000 0.0000 0.5000
 1.3750 0.0000 0.0000 0.0000 0.0000 0.0000 0.0000 0.0000 0.3750
 1.2500 0.0000 0.0000 0.0000 0.0000 0.0000 0.0000 0.0000 0.2500
 1.1250 0.0000 0.0000 0.0000 0.0000 0.0000 0.0000 0.0000 0.1250
 1.0000 0.8750 0.7500 0.6250 0.5000 0.3750 0.2500 0.1250 0.0000
srun ./backup/partdiff 1 1 256 1 2 512
Berechnungszeit:    24.768252 s 
Speicherbedarf:     32.281868 MiB
Berechnungsmethode: Gauß-Seidel
Interlines:         256
Stoerfunktion:      f(x,y) = 0
Terminierung:       Anzahl der Iterationen
Anzahl Iterationen: 512
Norm des Fehlers:   1.355152e-03

Matrix:
 2.0000 1.8750 1.7500 1.6250 1.5000 1.3750 1.2500 1.1250 1.0000
 1.8750 0.0000 0.0000 0.0000 0.0000 0.0000 0.0000 0.0000 0.8750
 1.7500 0.0000 0.0000 0.0000 0.0000 0.0000 0.0000 0.0000 0.7500
 1.6250 0.0000 0.0000 0.0000 0.0000 0.0000 0.0000 0.0000 0.6250
 1.5000 0.0000 0.0000 0.0000 0.0000 0.0000 0.0000 0.0000 0.5000
 1.3750 0.0000 0.0000 0.0000 0.0000 0.0000 0.0000 0.0000 0.3750
 1.2500 0.0000 0.0000 0.0000 0.0000 0.0000 0.0000 0.0000 0.2500
 1.1250 0.0000 0.0000 0.0000 0.0000 0.0000 0.0000 0.0000 0.1250
 1.0000 0.8750 0.7500 0.6250 0.5000 0.3750 0.2500 0.1250 0.0000
srun ./backup/partdiff 1 1 256 1 2 1024
Berechnungszeit:    42.328728 s 
Speicherbedarf:     32.281868 MiB
Berechnungsmethode: Gauß-Seidel
Interlines:         256
Stoerfunktion:      f(x,y) = 0
Terminierung:       Anzahl der Iterationen
Anzahl Iterationen: 1024
Norm des Fehlers:   6.806141e-04

Matrix:
 2.0000 1.8750 1.7500 1.6250 1.5000 1.3750 1.2500 1.1250 1.0000
 1.8750 0.0000 0.0000 0.0000 0.0000 0.0000 0.0000 0.0000 0.8750
 1.7500 0.0000 0.0000 0.0000 0.0000 0.0000 0.0000 0.0000 0.7500
 1.6250 0.0000 0.0000 0.0000 0.0000 0.0000 0.0000 0.0000 0.6250
 1.5000 0.0000 0.0000 0.0000 0.0000 0.0000 0.0000 0.0000 0.5000
 1.3750 0.0000 0.0000 0.0000 0.0000 0.0000 0.0000 0.0000 0.3750
 1.2500 0.0000 0.0000 0.0000 0.0000 0.0000 0.0000 0.0000 0.2500
 1.1250 0.0000 0.0000 0.0000 0.0000 0.0000 0.0000 0.0000 0.1250
 1.0000 0.8750 0.7500 0.6250 0.5000 0.3750 0.2500 0.1250 0.0000
srun ./backup/partdiff 1 1 512 1 2 256
Berechnungszeit:    49.335019 s 
Speicherbedarf:     128.563118 MiB
Berechnungsmethode: Gauß-Seidel
Interlines:         512
Stoerfunktion:      f(x,y) = 0
Terminierung:       Anzahl der Iterationen
Anzahl Iterationen: 256
Norm des Fehlers:   2.698449e-03

Matrix:
 2.0000 1.8750 1.7500 1.6250 1.5000 1.3750 1.2500 1.1250 1.0000
 1.8750 0.0000 0.0000 0.0000 0.0000 0.0000 0.0000 0.0000 0.8750
 1.7500 0.0000 0.0000 0.0000 0.0000 0.0000 0.0000 0.0000 0.7500
 1.6250 0.0000 0.0000 0.0000 0.0000 0.0000 0.0000 0.0000 0.6250
 1.5000 0.0000 0.0000 0.0000 0.0000 0.0000 0.0000 0.0000 0.5000
 1.3750 0.0000 0.0000 0.0000 0.0000 0.0000 0.0000 0.0000 0.3750
 1.2500 0.0000 0.0000 0.0000 0.0000 0.0000 0.0000 0.0000 0.2500
 1.1250 0.0000 0.0000 0.0000 0.0000 0.0000 0.0000 0.0000 0.1250
 1.0000 0.8750 0.7500 0.6250 0.5000 0.3750 0.2500 0.1250 0.0000
srun ./backup/partdiff 1 1 512 1 2 512
Berechnungszeit:    97.759965 s 
Speicherbedarf:     128.563118 MiB
Berechnungsmethode: Gauß-Seidel
Interlines:         512
Stoerfunktion:      f(x,y) = 0
Terminierung:       Anzahl der Iterationen
Anzahl Iterationen: 512
Norm des Fehlers:   1.361124e-03

Matrix:
 2.0000 1.8750 1.7500 1.6250 1.5000 1.3750 1.2500 1.1250 1.0000
 1.8750 0.0000 0.0000 0.0000 0.0000 0.0000 0.0000 0.0000 0.8750
 1.7500 0.0000 0.0000 0.0000 0.0000 0.0000 0.0000 0.0000 0.7500
 1.6250 0.0000 0.0000 0.0000 0.0000 0.0000 0.0000 0.0000 0.6250
 1.5000 0.0000 0.0000 0.0000 0.0000 0.0000 0.0000 0.0000 0.5000
 1.3750 0.0000 0.0000 0.0000 0.0000 0.0000 0.0000 0.0000 0.3750
 1.2500 0.0000 0.0000 0.0000 0.0000 0.0000 0.0000 0.0000 0.2500
 1.1250 0.0000 0.0000 0.0000 0.0000 0.0000 0.0000 0.0000 0.1250
 1.0000 0.8750 0.7500 0.6250 0.5000 0.3750 0.2500 0.1250 0.0000
srun ./backup/partdiff 1 1 512 1 2 1024
Berechnungszeit:    194.129123 s 
Speicherbedarf:     128.563118 MiB
Berechnungsmethode: Gauß-Seidel
Interlines:         512
Stoerfunktion:      f(x,y) = 0
Terminierung:       Anzahl der Iterationen
Anzahl Iterationen: 1024
Norm des Fehlers:   6.848796e-04

Matrix:
 2.0000 1.8750 1.7500 1.6250 1.5000 1.3750 1.2500 1.1250 1.0000
 1.8750 0.0000 0.0000 0.0000 0.0000 0.0000 0.0000 0.0000 0.8750
 1.7500 0.0000 0.0000 0.0000 0.0000 0.0000 0.0000 0.0000 0.7500
 1.6250 0.0000 0.0000 0.0000 0.0000 0.0000 0.0000 0.0000 0.6250
 1.5000 0.0000 0.0000 0.0000 0.0000 0.0000 0.0000 0.0000 0.5000
 1.3750 0.0000 0.0000 0.0000 0.0000 0.0000 0.0000 0.0000 0.3750
 1.2500 0.0000 0.0000 0.0000 0.0000 0.0000 0.0000 0.0000 0.2500
 1.1250 0.0000 0.0000 0.0000 0.0000 0.0000 0.0000 0.0000 0.1250
 1.0000 0.8750 0.7500 0.6250 0.5000 0.3750 0.2500 0.1250 0.0000
srun ./backup/partdiff 1 1 256 1 1 1e-12
srun: got SIGCONT
srun: Job step aborted: Waiting up to 32 seconds for job step to finish.
slurmstepd-west1: error: *** JOB 155940 ON west1 CANCELLED AT 2022-12-16T00:49:46 ***
srun: forcing job termination
slurmstepd-west1: error: *** STEP 155940.6 ON west1 CANCELLED AT 2022-12-16T00:49:46 ***
srun: error: west1: task 0: Terminated
