mpirun -np 1 ./partdiff 1 1 256 1 2 256
Berechnungszeit:    13.563448 s 
Speicherbedarf:     32.281868 MiB
Berechnungsmethode: Gauß-Seidel
Interlines:         256
Stoerfunktion:      f(x,y) = 0
Terminierung:       Anzahl der Iterationen
Anzahl Iterationen: 256
Norm des Fehlers:   2.690031e-03

Matrix:
2.00000000 1.87500000 1.75000000 1.62500000 1.50000000 1.37500000 1.25000000 1.12500000 1.00000000 
1.87500000 0.00000000 0.00000000 0.00000000 0.00000000 0.00000000 0.00000000 0.00000000 0.87500000 
1.75000000 0.00000000 0.00000000 0.00000000 0.00000000 0.00000000 0.00000000 0.00000000 0.75000000 
1.62500000 0.00000000 0.00000000 0.00000000 0.00000000 0.00000000 0.00000000 0.00000000 0.62500000 
1.50000000 0.00000000 0.00000000 0.00000000 0.00000000 0.00000000 0.00000000 0.00000000 0.50000000 
1.37500000 0.00000000 0.00000000 0.00000000 0.00000000 0.00000000 0.00000000 0.00000000 0.37500000 
1.25000000 0.00000000 0.00000000 0.00000000 0.00000000 0.00000000 0.00000000 0.00000000 0.25000000 
1.12500000 0.00000000 0.00000000 0.00000000 0.00000000 0.00000000 0.00000000 0.00000000 0.12500000 
1.00000000 0.87500000 0.75000000 0.62500000 0.50000000 0.37500000 0.25000000 0.12500000 0.00000000 
mpirun -np 1 ./partdiff 1 1 256 1 2 512
Berechnungszeit:    24.803157 s 
Speicherbedarf:     32.281868 MiB
Berechnungsmethode: Gauß-Seidel
Interlines:         256
Stoerfunktion:      f(x,y) = 0
Terminierung:       Anzahl der Iterationen
Anzahl Iterationen: 512
Norm des Fehlers:   1.355152e-03

Matrix:
2.00000000 1.87500000 1.75000000 1.62500000 1.50000000 1.37500000 1.25000000 1.12500000 1.00000000 
1.87500000 0.00000000 0.00000000 0.00000000 0.00000000 0.00000000 0.00000000 0.00000000 0.87500000 
1.75000000 0.00000000 0.00000000 0.00000000 0.00000000 0.00000000 0.00000000 0.00000000 0.75000000 
1.62500000 0.00000000 0.00000000 0.00000000 0.00000000 0.00000000 0.00000000 0.00000000 0.62500000 
1.50000000 0.00000000 0.00000000 0.00000000 0.00000000 0.00000000 0.00000000 0.00000000 0.50000000 
1.37500000 0.00000000 0.00000000 0.00000000 0.00000000 0.00000000 0.00000000 0.00000000 0.37500000 
1.25000000 0.00000000 0.00000000 0.00000000 0.00000000 0.00000000 0.00000000 0.00000000 0.25000000 
1.12500000 0.00000000 0.00000000 0.00000000 0.00000000 0.00000000 0.00000000 0.00000000 0.12500000 
1.00000000 0.87500000 0.75000000 0.62500000 0.50000000 0.37500000 0.25000000 0.12500000 0.00000000 
mpirun -np 1 ./partdiff 1 1 256 1 2 1024
Berechnungszeit:    42.365146 s 
Speicherbedarf:     32.281868 MiB
Berechnungsmethode: Gauß-Seidel
Interlines:         256
Stoerfunktion:      f(x,y) = 0
Terminierung:       Anzahl der Iterationen
Anzahl Iterationen: 1024
Norm des Fehlers:   6.806141e-04

Matrix:
2.00000000 1.87500000 1.75000000 1.62500000 1.50000000 1.37500000 1.25000000 1.12500000 1.00000000 
1.87500000 0.00000000 0.00000000 0.00000000 0.00000000 0.00000000 0.00000000 0.00000000 0.87500000 
1.75000000 0.00000000 0.00000000 0.00000000 0.00000000 0.00000000 0.00000000 0.00000000 0.75000000 
1.62500000 0.00000000 0.00000000 0.00000000 0.00000000 0.00000000 0.00000000 0.00000000 0.62500000 
1.50000000 0.00000000 0.00000000 0.00000000 0.00000000 0.00000000 0.00000000 0.00000000 0.50000000 
1.37500000 0.00000000 0.00000000 0.00000000 0.00000000 0.00000000 0.00000000 0.00000000 0.37500000 
1.25000000 0.00000000 0.00000000 0.00000000 0.00000000 0.00000000 0.00000000 0.00000000 0.25000000 
1.12500000 0.00000000 0.00000000 0.00000000 0.00000000 0.00000000 0.00000000 0.00000000 0.12500000 
1.00000000 0.87500000 0.75000000 0.62500000 0.50000000 0.37500000 0.25000000 0.12500000 0.00000000 
mpirun -np 1 ./partdiff 1 1 512 1 2 256
Berechnungszeit:    49.471398 s 
Speicherbedarf:     128.563118 MiB
Berechnungsmethode: Gauß-Seidel
Interlines:         512
Stoerfunktion:      f(x,y) = 0
Terminierung:       Anzahl der Iterationen
Anzahl Iterationen: 256
Norm des Fehlers:   2.698449e-03

Matrix:
2.00000000 1.87500000 1.75000000 1.62500000 1.50000000 1.37500000 1.25000000 1.12500000 1.00000000 
1.87500000 0.00000000 0.00000000 0.00000000 0.00000000 0.00000000 0.00000000 0.00000000 0.87500000 
1.75000000 0.00000000 0.00000000 0.00000000 0.00000000 0.00000000 0.00000000 0.00000000 0.75000000 
1.62500000 0.00000000 0.00000000 0.00000000 0.00000000 0.00000000 0.00000000 0.00000000 0.62500000 
1.50000000 0.00000000 0.00000000 0.00000000 0.00000000 0.00000000 0.00000000 0.00000000 0.50000000 
1.37500000 0.00000000 0.00000000 0.00000000 0.00000000 0.00000000 0.00000000 0.00000000 0.37500000 
1.25000000 0.00000000 0.00000000 0.00000000 0.00000000 0.00000000 0.00000000 0.00000000 0.25000000 
1.12500000 0.00000000 0.00000000 0.00000000 0.00000000 0.00000000 0.00000000 0.00000000 0.12500000 
1.00000000 0.87500000 0.75000000 0.62500000 0.50000000 0.37500000 0.25000000 0.12500000 0.00000000 
mpirun -np 1 ./partdiff 1 1 512 1 2 512
Berechnungszeit:    97.963908 s 
Speicherbedarf:     128.563118 MiB
Berechnungsmethode: Gauß-Seidel
Interlines:         512
Stoerfunktion:      f(x,y) = 0
Terminierung:       Anzahl der Iterationen
Anzahl Iterationen: 512
Norm des Fehlers:   1.361124e-03

Matrix:
2.00000000 1.87500000 1.75000000 1.62500000 1.50000000 1.37500000 1.25000000 1.12500000 1.00000000 
1.87500000 0.00000000 0.00000000 0.00000000 0.00000000 0.00000000 0.00000000 0.00000000 0.87500000 
1.75000000 0.00000000 0.00000000 0.00000000 0.00000000 0.00000000 0.00000000 0.00000000 0.75000000 
1.62500000 0.00000000 0.00000000 0.00000000 0.00000000 0.00000000 0.00000000 0.00000000 0.62500000 
1.50000000 0.00000000 0.00000000 0.00000000 0.00000000 0.00000000 0.00000000 0.00000000 0.50000000 
1.37500000 0.00000000 0.00000000 0.00000000 0.00000000 0.00000000 0.00000000 0.00000000 0.37500000 
1.25000000 0.00000000 0.00000000 0.00000000 0.00000000 0.00000000 0.00000000 0.00000000 0.25000000 
1.12500000 0.00000000 0.00000000 0.00000000 0.00000000 0.00000000 0.00000000 0.00000000 0.12500000 
1.00000000 0.87500000 0.75000000 0.62500000 0.50000000 0.37500000 0.25000000 0.12500000 0.00000000 
mpirun -np 1 ./partdiff 1 1 512 1 2 1024
Berechnungszeit:    194.312789 s 
Speicherbedarf:     128.563118 MiB
Berechnungsmethode: Gauß-Seidel
Interlines:         512
Stoerfunktion:      f(x,y) = 0
Terminierung:       Anzahl der Iterationen
Anzahl Iterationen: 1024
Norm des Fehlers:   6.848796e-04

Matrix:
2.00000000 1.87500000 1.75000000 1.62500000 1.50000000 1.37500000 1.25000000 1.12500000 1.00000000 
1.87500000 0.00000000 0.00000000 0.00000000 0.00000000 0.00000000 0.00000000 0.00000000 0.87500000 
1.75000000 0.00000000 0.00000000 0.00000000 0.00000000 0.00000000 0.00000000 0.00000000 0.75000000 
1.62500000 0.00000000 0.00000000 0.00000000 0.00000000 0.00000000 0.00000000 0.00000000 0.62500000 
1.50000000 0.00000000 0.00000000 0.00000000 0.00000000 0.00000000 0.00000000 0.00000000 0.50000000 
1.37500000 0.00000000 0.00000000 0.00000000 0.00000000 0.00000000 0.00000000 0.00000000 0.37500000 
1.25000000 0.00000000 0.00000000 0.00000000 0.00000000 0.00000000 0.00000000 0.00000000 0.25000000 
1.12500000 0.00000000 0.00000000 0.00000000 0.00000000 0.00000000 0.00000000 0.00000000 0.12500000 
1.00000000 0.87500000 0.75000000 0.62500000 0.50000000 0.37500000 0.25000000 0.12500000 0.00000000 
mpirun -np 2 ./partdiff 1 1 256 1 2 256
Berechnungszeit:    13.560743 s 
Speicherbedarf:     32.281868 MiB
Berechnungsmethode: Gauß-Seidel
Interlines:         256
Stoerfunktion:      f(x,y) = 0
Terminierung:       Anzahl der Iterationen
Anzahl Iterationen: 256
Norm des Fehlers:   2.690031e-03

Matrix:
2.00000000 1.87500000 1.75000000 1.62500000 1.50000000 1.37500000 1.25000000 1.12500000 1.00000000 
1.87500000 0.00000000 0.00000000 0.00000000 0.00000000 0.00000000 0.00000000 0.00000000 0.87500000 
1.75000000 0.00000000 0.00000000 0.00000000 0.00000000 0.00000000 0.00000000 0.00000000 0.75000000 
1.62500000 0.00000000 0.00000000 0.00000000 0.00000000 0.00000000 0.00000000 0.00000000 0.62500000 
1.50000000 0.00000000 0.00000000 0.00000000 0.00000000 0.00000000 0.00000000 0.00000000 0.50000000 
1.37500000 0.00000000 0.00000000 0.00000000 0.00000000 0.00000000 0.00000000 0.00000000 0.37500000 
1.25000000 0.00000000 0.00000000 0.00000000 0.00000000 0.00000000 0.00000000 0.00000000 0.25000000 
1.12500000 0.00000000 0.00000000 0.00000000 0.00000000 0.00000000 0.00000000 0.00000000 0.12500000 
1.00000000 0.87500000 0.75000000 0.62500000 0.50000000 0.37500000 0.25000000 0.12500000 0.00000000 
mpirun -np 2 ./partdiff 1 1 256 1 2 512
Berechnungszeit:    24.816933 s 
Speicherbedarf:     32.281868 MiB
Berechnungsmethode: Gauß-Seidel
Interlines:         256
Stoerfunktion:      f(x,y) = 0
Terminierung:       Anzahl der Iterationen
Anzahl Iterationen: 512
Norm des Fehlers:   1.355152e-03

Matrix:
2.00000000 1.87500000 1.75000000 1.62500000 1.50000000 1.37500000 1.25000000 1.12500000 1.00000000 
1.87500000 0.00000000 0.00000000 0.00000000 0.00000000 0.00000000 0.00000000 0.00000000 0.87500000 
1.75000000 0.00000000 0.00000000 0.00000000 0.00000000 0.00000000 0.00000000 0.00000000 0.75000000 
1.62500000 0.00000000 0.00000000 0.00000000 0.00000000 0.00000000 0.00000000 0.00000000 0.62500000 
1.50000000 0.00000000 0.00000000 0.00000000 0.00000000 0.00000000 0.00000000 0.00000000 0.50000000 
1.37500000 0.00000000 0.00000000 0.00000000 0.00000000 0.00000000 0.00000000 0.00000000 0.37500000 
1.25000000 0.00000000 0.00000000 0.00000000 0.00000000 0.00000000 0.00000000 0.00000000 0.25000000 
1.12500000 0.00000000 0.00000000 0.00000000 0.00000000 0.00000000 0.00000000 0.00000000 0.12500000 
1.00000000 0.87500000 0.75000000 0.62500000 0.50000000 0.37500000 0.25000000 0.12500000 0.00000000 
mpirun -np 2 ./partdiff 1 1 256 1 2 1024
Berechnungszeit:    42.393704 s 
Speicherbedarf:     32.281868 MiB
Berechnungsmethode: Gauß-Seidel
Interlines:         256
Stoerfunktion:      f(x,y) = 0
Terminierung:       Anzahl der Iterationen
Anzahl Iterationen: 1024
Norm des Fehlers:   6.806141e-04

Matrix:
2.00000000 1.87500000 1.75000000 1.62500000 1.50000000 1.37500000 1.25000000 1.12500000 1.00000000 
1.87500000 0.00000000 0.00000000 0.00000000 0.00000000 0.00000000 0.00000000 0.00000000 0.87500000 
1.75000000 0.00000000 0.00000000 0.00000000 0.00000000 0.00000000 0.00000000 0.00000000 0.75000000 
1.62500000 0.00000000 0.00000000 0.00000000 0.00000000 0.00000000 0.00000000 0.00000000 0.62500000 
1.50000000 0.00000000 0.00000000 0.00000000 0.00000000 0.00000000 0.00000000 0.00000000 0.50000000 
1.37500000 0.00000000 0.00000000 0.00000000 0.00000000 0.00000000 0.00000000 0.00000000 0.37500000 
1.25000000 0.00000000 0.00000000 0.00000000 0.00000000 0.00000000 0.00000000 0.00000000 0.25000000 
1.12500000 0.00000000 0.00000000 0.00000000 0.00000000 0.00000000 0.00000000 0.00000000 0.12500000 
1.00000000 0.87500000 0.75000000 0.62500000 0.50000000 0.37500000 0.25000000 0.12500000 0.00000000 
mpirun -np 2 ./partdiff 1 1 512 1 2 256
Berechnungszeit:    49.438306 s 
Speicherbedarf:     128.563118 MiB
Berechnungsmethode: Gauß-Seidel
Interlines:         512
Stoerfunktion:      f(x,y) = 0
Terminierung:       Anzahl der Iterationen
Anzahl Iterationen: 256
Norm des Fehlers:   2.698449e-03

Matrix:
2.00000000 1.87500000 1.75000000 1.62500000 1.50000000 1.37500000 1.25000000 1.12500000 1.00000000 
1.87500000 0.00000000 0.00000000 0.00000000 0.00000000 0.00000000 0.00000000 0.00000000 0.87500000 
1.75000000 0.00000000 0.00000000 0.00000000 0.00000000 0.00000000 0.00000000 0.00000000 0.75000000 
1.62500000 0.00000000 0.00000000 0.00000000 0.00000000 0.00000000 0.00000000 0.00000000 0.62500000 
1.50000000 0.00000000 0.00000000 0.00000000 0.00000000 0.00000000 0.00000000 0.00000000 0.50000000 
1.37500000 0.00000000 0.00000000 0.00000000 0.00000000 0.00000000 0.00000000 0.00000000 0.37500000 
1.25000000 0.00000000 0.00000000 0.00000000 0.00000000 0.00000000 0.00000000 0.00000000 0.25000000 
1.12500000 0.00000000 0.00000000 0.00000000 0.00000000 0.00000000 0.00000000 0.00000000 0.12500000 
1.00000000 0.87500000 0.75000000 0.62500000 0.50000000 0.37500000 0.25000000 0.12500000 0.00000000 
mpirun -np 2 ./partdiff 1 1 512 1 2 512
Berechnungszeit:    97.904601 s 
Speicherbedarf:     128.563118 MiB
Berechnungsmethode: Gauß-Seidel
Interlines:         512
Stoerfunktion:      f(x,y) = 0
Terminierung:       Anzahl der Iterationen
Anzahl Iterationen: 512
Norm des Fehlers:   1.361124e-03

Matrix:
2.00000000 1.87500000 1.75000000 1.62500000 1.50000000 1.37500000 1.25000000 1.12500000 1.00000000 
1.87500000 0.00000000 0.00000000 0.00000000 0.00000000 0.00000000 0.00000000 0.00000000 0.87500000 
1.75000000 0.00000000 0.00000000 0.00000000 0.00000000 0.00000000 0.00000000 0.00000000 0.75000000 
1.62500000 0.00000000 0.00000000 0.00000000 0.00000000 0.00000000 0.00000000 0.00000000 0.62500000 
1.50000000 0.00000000 0.00000000 0.00000000 0.00000000 0.00000000 0.00000000 0.00000000 0.50000000 
1.37500000 0.00000000 0.00000000 0.00000000 0.00000000 0.00000000 0.00000000 0.00000000 0.37500000 
1.25000000 0.00000000 0.00000000 0.00000000 0.00000000 0.00000000 0.00000000 0.00000000 0.25000000 
1.12500000 0.00000000 0.00000000 0.00000000 0.00000000 0.00000000 0.00000000 0.00000000 0.12500000 
1.00000000 0.87500000 0.75000000 0.62500000 0.50000000 0.37500000 0.25000000 0.12500000 0.00000000 
mpirun -np 2 ./partdiff 1 1 512 1 2 1024
Berechnungszeit:    194.195299 s 
Speicherbedarf:     128.563118 MiB
Berechnungsmethode: Gauß-Seidel
Interlines:         512
Stoerfunktion:      f(x,y) = 0
Terminierung:       Anzahl der Iterationen
Anzahl Iterationen: 1024
Norm des Fehlers:   6.848796e-04

Matrix:
2.00000000 1.87500000 1.75000000 1.62500000 1.50000000 1.37500000 1.25000000 1.12500000 1.00000000 
1.87500000 0.00000000 0.00000000 0.00000000 0.00000000 0.00000000 0.00000000 0.00000000 0.87500000 
1.75000000 0.00000000 0.00000000 0.00000000 0.00000000 0.00000000 0.00000000 0.00000000 0.75000000 
1.62500000 0.00000000 0.00000000 0.00000000 0.00000000 0.00000000 0.00000000 0.00000000 0.62500000 
1.50000000 0.00000000 0.00000000 0.00000000 0.00000000 0.00000000 0.00000000 0.00000000 0.50000000 
1.37500000 0.00000000 0.00000000 0.00000000 0.00000000 0.00000000 0.00000000 0.00000000 0.37500000 
1.25000000 0.00000000 0.00000000 0.00000000 0.00000000 0.00000000 0.00000000 0.00000000 0.25000000 
1.12500000 0.00000000 0.00000000 0.00000000 0.00000000 0.00000000 0.00000000 0.00000000 0.12500000 
1.00000000 0.87500000 0.75000000 0.62500000 0.50000000 0.37500000 0.25000000 0.12500000 0.00000000 
mpirun -np 4 ./partdiff 1 1 256 1 2 256
Berechnungszeit:    13.593582 s 
Speicherbedarf:     32.281868 MiB
Berechnungsmethode: Gauß-Seidel
Interlines:         256
Stoerfunktion:      f(x,y) = 0
Terminierung:       Anzahl der Iterationen
Anzahl Iterationen: 256
Norm des Fehlers:   2.690031e-03

Matrix:
2.00000000 1.87500000 1.75000000 1.62500000 1.50000000 1.37500000 1.25000000 1.12500000 1.00000000 
1.87500000 0.00000000 0.00000000 0.00000000 0.00000000 0.00000000 0.00000000 0.00000000 0.87500000 
1.75000000 0.00000000 0.00000000 0.00000000 0.00000000 0.00000000 0.00000000 0.00000000 0.75000000 
1.62500000 0.00000000 0.00000000 0.00000000 0.00000000 0.00000000 0.00000000 0.00000000 0.62500000 
1.50000000 0.00000000 0.00000000 0.00000000 0.00000000 0.00000000 0.00000000 0.00000000 0.50000000 
1.37500000 0.00000000 0.00000000 0.00000000 0.00000000 0.00000000 0.00000000 0.00000000 0.37500000 
1.25000000 0.00000000 0.00000000 0.00000000 0.00000000 0.00000000 0.00000000 0.00000000 0.25000000 
1.12500000 0.00000000 0.00000000 0.00000000 0.00000000 0.00000000 0.00000000 0.00000000 0.12500000 
1.00000000 0.87500000 0.75000000 0.62500000 0.50000000 0.37500000 0.25000000 0.12500000 0.00000000 
mpirun -np 4 ./partdiff 1 1 256 1 2 512
Berechnungszeit:    24.889531 s 
Speicherbedarf:     32.281868 MiB
Berechnungsmethode: Gauß-Seidel
Interlines:         256
Stoerfunktion:      f(x,y) = 0
Terminierung:       Anzahl der Iterationen
Anzahl Iterationen: 512
Norm des Fehlers:   1.355152e-03

Matrix:
2.00000000 1.87500000 1.75000000 1.62500000 1.50000000 1.37500000 1.25000000 1.12500000 1.00000000 
1.87500000 0.00000000 0.00000000 0.00000000 0.00000000 0.00000000 0.00000000 0.00000000 0.87500000 
1.75000000 0.00000000 0.00000000 0.00000000 0.00000000 0.00000000 0.00000000 0.00000000 0.75000000 
1.62500000 0.00000000 0.00000000 0.00000000 0.00000000 0.00000000 0.00000000 0.00000000 0.62500000 
1.50000000 0.00000000 0.00000000 0.00000000 0.00000000 0.00000000 0.00000000 0.00000000 0.50000000 
1.37500000 0.00000000 0.00000000 0.00000000 0.00000000 0.00000000 0.00000000 0.00000000 0.37500000 
1.25000000 0.00000000 0.00000000 0.00000000 0.00000000 0.00000000 0.00000000 0.00000000 0.25000000 
1.12500000 0.00000000 0.00000000 0.00000000 0.00000000 0.00000000 0.00000000 0.00000000 0.12500000 
1.00000000 0.87500000 0.75000000 0.62500000 0.50000000 0.37500000 0.25000000 0.12500000 0.00000000 
mpirun -np 4 ./partdiff 1 1 256 1 2 1024
Berechnungszeit:    42.482316 s 
Speicherbedarf:     32.281868 MiB
Berechnungsmethode: Gauß-Seidel
Interlines:         256
Stoerfunktion:      f(x,y) = 0
Terminierung:       Anzahl der Iterationen
Anzahl Iterationen: 1024
Norm des Fehlers:   6.806141e-04

Matrix:
2.00000000 1.87500000 1.75000000 1.62500000 1.50000000 1.37500000 1.25000000 1.12500000 1.00000000 
1.87500000 0.00000000 0.00000000 0.00000000 0.00000000 0.00000000 0.00000000 0.00000000 0.87500000 
1.75000000 0.00000000 0.00000000 0.00000000 0.00000000 0.00000000 0.00000000 0.00000000 0.75000000 
1.62500000 0.00000000 0.00000000 0.00000000 0.00000000 0.00000000 0.00000000 0.00000000 0.62500000 
1.50000000 0.00000000 0.00000000 0.00000000 0.00000000 0.00000000 0.00000000 0.00000000 0.50000000 
1.37500000 0.00000000 0.00000000 0.00000000 0.00000000 0.00000000 0.00000000 0.00000000 0.37500000 
1.25000000 0.00000000 0.00000000 0.00000000 0.00000000 0.00000000 0.00000000 0.00000000 0.25000000 
1.12500000 0.00000000 0.00000000 0.00000000 0.00000000 0.00000000 0.00000000 0.00000000 0.12500000 
1.00000000 0.87500000 0.75000000 0.62500000 0.50000000 0.37500000 0.25000000 0.12500000 0.00000000 
mpirun -np 4 ./partdiff 1 1 512 1 2 256
Berechnungszeit:    49.568309 s 
Speicherbedarf:     128.563118 MiB
Berechnungsmethode: Gauß-Seidel
Interlines:         512
Stoerfunktion:      f(x,y) = 0
Terminierung:       Anzahl der Iterationen
Anzahl Iterationen: 256
Norm des Fehlers:   2.698449e-03

Matrix:
2.00000000 1.87500000 1.75000000 1.62500000 1.50000000 1.37500000 1.25000000 1.12500000 1.00000000 
1.87500000 0.00000000 0.00000000 0.00000000 0.00000000 0.00000000 0.00000000 0.00000000 0.87500000 
1.75000000 0.00000000 0.00000000 0.00000000 0.00000000 0.00000000 0.00000000 0.00000000 0.75000000 
1.62500000 0.00000000 0.00000000 0.00000000 0.00000000 0.00000000 0.00000000 0.00000000 0.62500000 
1.50000000 0.00000000 0.00000000 0.00000000 0.00000000 0.00000000 0.00000000 0.00000000 0.50000000 
1.37500000 0.00000000 0.00000000 0.00000000 0.00000000 0.00000000 0.00000000 0.00000000 0.37500000 
1.25000000 0.00000000 0.00000000 0.00000000 0.00000000 0.00000000 0.00000000 0.00000000 0.25000000 
1.12500000 0.00000000 0.00000000 0.00000000 0.00000000 0.00000000 0.00000000 0.00000000 0.12500000 
1.00000000 0.87500000 0.75000000 0.62500000 0.50000000 0.37500000 0.25000000 0.12500000 0.00000000 
mpirun -np 4 ./partdiff 1 1 512 1 2 512
Berechnungszeit:    98.165046 s 
Speicherbedarf:     128.563118 MiB
Berechnungsmethode: Gauß-Seidel
Interlines:         512
Stoerfunktion:      f(x,y) = 0
Terminierung:       Anzahl der Iterationen
Anzahl Iterationen: 512
Norm des Fehlers:   1.361124e-03

Matrix:
2.00000000 1.87500000 1.75000000 1.62500000 1.50000000 1.37500000 1.25000000 1.12500000 1.00000000 
1.87500000 0.00000000 0.00000000 0.00000000 0.00000000 0.00000000 0.00000000 0.00000000 0.87500000 
1.75000000 0.00000000 0.00000000 0.00000000 0.00000000 0.00000000 0.00000000 0.00000000 0.75000000 
1.62500000 0.00000000 0.00000000 0.00000000 0.00000000 0.00000000 0.00000000 0.00000000 0.62500000 
1.50000000 0.00000000 0.00000000 0.00000000 0.00000000 0.00000000 0.00000000 0.00000000 0.50000000 
1.37500000 0.00000000 0.00000000 0.00000000 0.00000000 0.00000000 0.00000000 0.00000000 0.37500000 
1.25000000 0.00000000 0.00000000 0.00000000 0.00000000 0.00000000 0.00000000 0.00000000 0.25000000 
1.12500000 0.00000000 0.00000000 0.00000000 0.00000000 0.00000000 0.00000000 0.00000000 0.12500000 
1.00000000 0.87500000 0.75000000 0.62500000 0.50000000 0.37500000 0.25000000 0.12500000 0.00000000 
mpirun -np 4 ./partdiff 1 1 512 1 2 1024
Berechnungszeit:    194.792833 s 
Speicherbedarf:     128.563118 MiB
Berechnungsmethode: Gauß-Seidel
Interlines:         512
Stoerfunktion:      f(x,y) = 0
Terminierung:       Anzahl der Iterationen
Anzahl Iterationen: 1024
Norm des Fehlers:   6.848796e-04

Matrix:
2.00000000 1.87500000 1.75000000 1.62500000 1.50000000 1.37500000 1.25000000 1.12500000 1.00000000 
1.87500000 0.00000000 0.00000000 0.00000000 0.00000000 0.00000000 0.00000000 0.00000000 0.87500000 
1.75000000 0.00000000 0.00000000 0.00000000 0.00000000 0.00000000 0.00000000 0.00000000 0.75000000 
1.62500000 0.00000000 0.00000000 0.00000000 0.00000000 0.00000000 0.00000000 0.00000000 0.62500000 
1.50000000 0.00000000 0.00000000 0.00000000 0.00000000 0.00000000 0.00000000 0.00000000 0.50000000 
1.37500000 0.00000000 0.00000000 0.00000000 0.00000000 0.00000000 0.00000000 0.00000000 0.37500000 
1.25000000 0.00000000 0.00000000 0.00000000 0.00000000 0.00000000 0.00000000 0.00000000 0.25000000 
1.12500000 0.00000000 0.00000000 0.00000000 0.00000000 0.00000000 0.00000000 0.00000000 0.12500000 
1.00000000 0.87500000 0.75000000 0.62500000 0.50000000 0.37500000 0.25000000 0.12500000 0.00000000 
mpirun -np 6 ./partdiff 1 1 256 1 2 256
Berechnungszeit:    13.636359 s 
Speicherbedarf:     32.281868 MiB
Berechnungsmethode: Gauß-Seidel
Interlines:         256
Stoerfunktion:      f(x,y) = 0
Terminierung:       Anzahl der Iterationen
Anzahl Iterationen: 256
Norm des Fehlers:   2.690031e-03

Matrix:
2.00000000 1.87500000 1.75000000 1.62500000 1.50000000 1.37500000 1.25000000 1.12500000 1.00000000 
1.87500000 0.00000000 0.00000000 0.00000000 0.00000000 0.00000000 0.00000000 0.00000000 0.87500000 
1.75000000 0.00000000 0.00000000 0.00000000 0.00000000 0.00000000 0.00000000 0.00000000 0.75000000 
1.62500000 0.00000000 0.00000000 0.00000000 0.00000000 0.00000000 0.00000000 0.00000000 0.62500000 
1.50000000 0.00000000 0.00000000 0.00000000 0.00000000 0.00000000 0.00000000 0.00000000 0.50000000 
1.37500000 0.00000000 0.00000000 0.00000000 0.00000000 0.00000000 0.00000000 0.00000000 0.37500000 
1.25000000 0.00000000 0.00000000 0.00000000 0.00000000 0.00000000 0.00000000 0.00000000 0.25000000 
1.12500000 0.00000000 0.00000000 0.00000000 0.00000000 0.00000000 0.00000000 0.00000000 0.12500000 
1.00000000 0.87500000 0.75000000 0.62500000 0.50000000 0.37500000 0.25000000 0.12500000 0.00000000 
mpirun -np 6 ./partdiff 1 1 256 1 2 512
Berechnungszeit:    24.857038 s 
Speicherbedarf:     32.281868 MiB
Berechnungsmethode: Gauß-Seidel
Interlines:         256
Stoerfunktion:      f(x,y) = 0
Terminierung:       Anzahl der Iterationen
Anzahl Iterationen: 512
Norm des Fehlers:   1.355152e-03

Matrix:
2.00000000 1.87500000 1.75000000 1.62500000 1.50000000 1.37500000 1.25000000 1.12500000 1.00000000 
1.87500000 0.00000000 0.00000000 0.00000000 0.00000000 0.00000000 0.00000000 0.00000000 0.87500000 
1.75000000 0.00000000 0.00000000 0.00000000 0.00000000 0.00000000 0.00000000 0.00000000 0.75000000 
1.62500000 0.00000000 0.00000000 0.00000000 0.00000000 0.00000000 0.00000000 0.00000000 0.62500000 
1.50000000 0.00000000 0.00000000 0.00000000 0.00000000 0.00000000 0.00000000 0.00000000 0.50000000 
1.37500000 0.00000000 0.00000000 0.00000000 0.00000000 0.00000000 0.00000000 0.00000000 0.37500000 
1.25000000 0.00000000 0.00000000 0.00000000 0.00000000 0.00000000 0.00000000 0.00000000 0.25000000 
1.12500000 0.00000000 0.00000000 0.00000000 0.00000000 0.00000000 0.00000000 0.00000000 0.12500000 
1.00000000 0.87500000 0.75000000 0.62500000 0.50000000 0.37500000 0.25000000 0.12500000 0.00000000 
mpirun -np 6 ./partdiff 1 1 256 1 2 1024
Berechnungszeit:    42.450468 s 
Speicherbedarf:     32.281868 MiB
Berechnungsmethode: Gauß-Seidel
Interlines:         256
Stoerfunktion:      f(x,y) = 0
Terminierung:       Anzahl der Iterationen
Anzahl Iterationen: 1024
Norm des Fehlers:   6.806141e-04

Matrix:
2.00000000 1.87500000 1.75000000 1.62500000 1.50000000 1.37500000 1.25000000 1.12500000 1.00000000 
1.87500000 0.00000000 0.00000000 0.00000000 0.00000000 0.00000000 0.00000000 0.00000000 0.87500000 
1.75000000 0.00000000 0.00000000 0.00000000 0.00000000 0.00000000 0.00000000 0.00000000 0.75000000 
1.62500000 0.00000000 0.00000000 0.00000000 0.00000000 0.00000000 0.00000000 0.00000000 0.62500000 
1.50000000 0.00000000 0.00000000 0.00000000 0.00000000 0.00000000 0.00000000 0.00000000 0.50000000 
1.37500000 0.00000000 0.00000000 0.00000000 0.00000000 0.00000000 0.00000000 0.00000000 0.37500000 
1.25000000 0.00000000 0.00000000 0.00000000 0.00000000 0.00000000 0.00000000 0.00000000 0.25000000 
1.12500000 0.00000000 0.00000000 0.00000000 0.00000000 0.00000000 0.00000000 0.00000000 0.12500000 
1.00000000 0.87500000 0.75000000 0.62500000 0.50000000 0.37500000 0.25000000 0.12500000 0.00000000 
mpirun -np 6 ./partdiff 1 1 512 1 2 256
Berechnungszeit:    49.619684 s 
Speicherbedarf:     128.563118 MiB
Berechnungsmethode: Gauß-Seidel
Interlines:         512
Stoerfunktion:      f(x,y) = 0
Terminierung:       Anzahl der Iterationen
Anzahl Iterationen: 256
Norm des Fehlers:   2.698449e-03

Matrix:
2.00000000 1.87500000 1.75000000 1.62500000 1.50000000 1.37500000 1.25000000 1.12500000 1.00000000 
1.87500000 0.00000000 0.00000000 0.00000000 0.00000000 0.00000000 0.00000000 0.00000000 0.87500000 
1.75000000 0.00000000 0.00000000 0.00000000 0.00000000 0.00000000 0.00000000 0.00000000 0.75000000 
1.62500000 0.00000000 0.00000000 0.00000000 0.00000000 0.00000000 0.00000000 0.00000000 0.62500000 
1.50000000 0.00000000 0.00000000 0.00000000 0.00000000 0.00000000 0.00000000 0.00000000 0.50000000 
1.37500000 0.00000000 0.00000000 0.00000000 0.00000000 0.00000000 0.00000000 0.00000000 0.37500000 
1.25000000 0.00000000 0.00000000 0.00000000 0.00000000 0.00000000 0.00000000 0.00000000 0.25000000 
1.12500000 0.00000000 0.00000000 0.00000000 0.00000000 0.00000000 0.00000000 0.00000000 0.12500000 
1.00000000 0.87500000 0.75000000 0.62500000 0.50000000 0.37500000 0.25000000 0.12500000 0.00000000 
mpirun -np 6 ./partdiff 1 1 512 1 2 512
Berechnungszeit:    98.049008 s 
Speicherbedarf:     128.563118 MiB
Berechnungsmethode: Gauß-Seidel
Interlines:         512
Stoerfunktion:      f(x,y) = 0
Terminierung:       Anzahl der Iterationen
Anzahl Iterationen: 512
Norm des Fehlers:   1.361124e-03

Matrix:
2.00000000 1.87500000 1.75000000 1.62500000 1.50000000 1.37500000 1.25000000 1.12500000 1.00000000 
1.87500000 0.00000000 0.00000000 0.00000000 0.00000000 0.00000000 0.00000000 0.00000000 0.87500000 
1.75000000 0.00000000 0.00000000 0.00000000 0.00000000 0.00000000 0.00000000 0.00000000 0.75000000 
1.62500000 0.00000000 0.00000000 0.00000000 0.00000000 0.00000000 0.00000000 0.00000000 0.62500000 
1.50000000 0.00000000 0.00000000 0.00000000 0.00000000 0.00000000 0.00000000 0.00000000 0.50000000 
1.37500000 0.00000000 0.00000000 0.00000000 0.00000000 0.00000000 0.00000000 0.00000000 0.37500000 
1.25000000 0.00000000 0.00000000 0.00000000 0.00000000 0.00000000 0.00000000 0.00000000 0.25000000 
1.12500000 0.00000000 0.00000000 0.00000000 0.00000000 0.00000000 0.00000000 0.00000000 0.12500000 
1.00000000 0.87500000 0.75000000 0.62500000 0.50000000 0.37500000 0.25000000 0.12500000 0.00000000 
mpirun -np 6 ./partdiff 1 1 512 1 2 1024
Berechnungszeit:    194.567033 s 
Speicherbedarf:     128.563118 MiB
Berechnungsmethode: Gauß-Seidel
Interlines:         512
Stoerfunktion:      f(x,y) = 0
Terminierung:       Anzahl der Iterationen
Anzahl Iterationen: 1024
Norm des Fehlers:   6.848796e-04

Matrix:
2.00000000 1.87500000 1.75000000 1.62500000 1.50000000 1.37500000 1.25000000 1.12500000 1.00000000 
1.87500000 0.00000000 0.00000000 0.00000000 0.00000000 0.00000000 0.00000000 0.00000000 0.87500000 
1.75000000 0.00000000 0.00000000 0.00000000 0.00000000 0.00000000 0.00000000 0.00000000 0.75000000 
1.62500000 0.00000000 0.00000000 0.00000000 0.00000000 0.00000000 0.00000000 0.00000000 0.62500000 
1.50000000 0.00000000 0.00000000 0.00000000 0.00000000 0.00000000 0.00000000 0.00000000 0.50000000 
1.37500000 0.00000000 0.00000000 0.00000000 0.00000000 0.00000000 0.00000000 0.00000000 0.37500000 
1.25000000 0.00000000 0.00000000 0.00000000 0.00000000 0.00000000 0.00000000 0.00000000 0.25000000 
1.12500000 0.00000000 0.00000000 0.00000000 0.00000000 0.00000000 0.00000000 0.00000000 0.12500000 
1.00000000 0.87500000 0.75000000 0.62500000 0.50000000 0.37500000 0.25000000 0.12500000 0.00000000 
mpirun -np 8 ./partdiff 1 1 256 1 2 256
Berechnungszeit:    13.629599 s 
Speicherbedarf:     32.281868 MiB
Berechnungsmethode: Gauß-Seidel
Interlines:         256
Stoerfunktion:      f(x,y) = 0
Terminierung:       Anzahl der Iterationen
Anzahl Iterationen: 256
Norm des Fehlers:   2.690031e-03

Matrix:
2.00000000 1.87500000 1.75000000 1.62500000 1.50000000 1.37500000 1.25000000 1.12500000 1.00000000 
1.87500000 0.00000000 0.00000000 0.00000000 0.00000000 0.00000000 0.00000000 0.00000000 0.87500000 
1.75000000 0.00000000 0.00000000 0.00000000 0.00000000 0.00000000 0.00000000 0.00000000 0.75000000 
1.62500000 0.00000000 0.00000000 0.00000000 0.00000000 0.00000000 0.00000000 0.00000000 0.62500000 
1.50000000 0.00000000 0.00000000 0.00000000 0.00000000 0.00000000 0.00000000 0.00000000 0.50000000 
1.37500000 0.00000000 0.00000000 0.00000000 0.00000000 0.00000000 0.00000000 0.00000000 0.37500000 
1.25000000 0.00000000 0.00000000 0.00000000 0.00000000 0.00000000 0.00000000 0.00000000 0.25000000 
1.12500000 0.00000000 0.00000000 0.00000000 0.00000000 0.00000000 0.00000000 0.00000000 0.12500000 
1.00000000 0.87500000 0.75000000 0.62500000 0.50000000 0.37500000 0.25000000 0.12500000 0.00000000 
mpirun -np 8 ./partdiff 1 1 256 1 2 512
Berechnungszeit:    24.908708 s 
Speicherbedarf:     32.281868 MiB
Berechnungsmethode: Gauß-Seidel
Interlines:         256
Stoerfunktion:      f(x,y) = 0
Terminierung:       Anzahl der Iterationen
Anzahl Iterationen: 512
Norm des Fehlers:   1.355152e-03

Matrix:
2.00000000 1.87500000 1.75000000 1.62500000 1.50000000 1.37500000 1.25000000 1.12500000 1.00000000 
1.87500000 0.00000000 0.00000000 0.00000000 0.00000000 0.00000000 0.00000000 0.00000000 0.87500000 
1.75000000 0.00000000 0.00000000 0.00000000 0.00000000 0.00000000 0.00000000 0.00000000 0.75000000 
1.62500000 0.00000000 0.00000000 0.00000000 0.00000000 0.00000000 0.00000000 0.00000000 0.62500000 
1.50000000 0.00000000 0.00000000 0.00000000 0.00000000 0.00000000 0.00000000 0.00000000 0.50000000 
1.37500000 0.00000000 0.00000000 0.00000000 0.00000000 0.00000000 0.00000000 0.00000000 0.37500000 
1.25000000 0.00000000 0.00000000 0.00000000 0.00000000 0.00000000 0.00000000 0.00000000 0.25000000 
1.12500000 0.00000000 0.00000000 0.00000000 0.00000000 0.00000000 0.00000000 0.00000000 0.12500000 
1.00000000 0.87500000 0.75000000 0.62500000 0.50000000 0.37500000 0.25000000 0.12500000 0.00000000 
mpirun -np 8 ./partdiff 1 1 256 1 2 1024
Berechnungszeit:    42.491264 s 
Speicherbedarf:     32.281868 MiB
Berechnungsmethode: Gauß-Seidel
Interlines:         256
Stoerfunktion:      f(x,y) = 0
Terminierung:       Anzahl der Iterationen
Anzahl Iterationen: 1024
Norm des Fehlers:   6.806141e-04

Matrix:
2.00000000 1.87500000 1.75000000 1.62500000 1.50000000 1.37500000 1.25000000 1.12500000 1.00000000 
1.87500000 0.00000000 0.00000000 0.00000000 0.00000000 0.00000000 0.00000000 0.00000000 0.87500000 
1.75000000 0.00000000 0.00000000 0.00000000 0.00000000 0.00000000 0.00000000 0.00000000 0.75000000 
1.62500000 0.00000000 0.00000000 0.00000000 0.00000000 0.00000000 0.00000000 0.00000000 0.62500000 
1.50000000 0.00000000 0.00000000 0.00000000 0.00000000 0.00000000 0.00000000 0.00000000 0.50000000 
1.37500000 0.00000000 0.00000000 0.00000000 0.00000000 0.00000000 0.00000000 0.00000000 0.37500000 
1.25000000 0.00000000 0.00000000 0.00000000 0.00000000 0.00000000 0.00000000 0.00000000 0.25000000 
1.12500000 0.00000000 0.00000000 0.00000000 0.00000000 0.00000000 0.00000000 0.00000000 0.12500000 
1.00000000 0.87500000 0.75000000 0.62500000 0.50000000 0.37500000 0.25000000 0.12500000 0.00000000 
mpirun -np 8 ./partdiff 1 1 512 1 2 256
Berechnungszeit:    49.615175 s 
Speicherbedarf:     128.563118 MiB
Berechnungsmethode: Gauß-Seidel
Interlines:         512
Stoerfunktion:      f(x,y) = 0
Terminierung:       Anzahl der Iterationen
Anzahl Iterationen: 256
Norm des Fehlers:   2.698449e-03

Matrix:
2.00000000 1.87500000 1.75000000 1.62500000 1.50000000 1.37500000 1.25000000 1.12500000 1.00000000 
1.87500000 0.00000000 0.00000000 0.00000000 0.00000000 0.00000000 0.00000000 0.00000000 0.87500000 
1.75000000 0.00000000 0.00000000 0.00000000 0.00000000 0.00000000 0.00000000 0.00000000 0.75000000 
1.62500000 0.00000000 0.00000000 0.00000000 0.00000000 0.00000000 0.00000000 0.00000000 0.62500000 
1.50000000 0.00000000 0.00000000 0.00000000 0.00000000 0.00000000 0.00000000 0.00000000 0.50000000 
1.37500000 0.00000000 0.00000000 0.00000000 0.00000000 0.00000000 0.00000000 0.00000000 0.37500000 
1.25000000 0.00000000 0.00000000 0.00000000 0.00000000 0.00000000 0.00000000 0.00000000 0.25000000 
1.12500000 0.00000000 0.00000000 0.00000000 0.00000000 0.00000000 0.00000000 0.00000000 0.12500000 
1.00000000 0.87500000 0.75000000 0.62500000 0.50000000 0.37500000 0.25000000 0.12500000 0.00000000 
mpirun -np 8 ./partdiff 1 1 512 1 2 512
Berechnungszeit:    98.181307 s 
Speicherbedarf:     128.563118 MiB
Berechnungsmethode: Gauß-Seidel
Interlines:         512
Stoerfunktion:      f(x,y) = 0
Terminierung:       Anzahl der Iterationen
Anzahl Iterationen: 512
Norm des Fehlers:   1.361124e-03

Matrix:
2.00000000 1.87500000 1.75000000 1.62500000 1.50000000 1.37500000 1.25000000 1.12500000 1.00000000 
1.87500000 0.00000000 0.00000000 0.00000000 0.00000000 0.00000000 0.00000000 0.00000000 0.87500000 
1.75000000 0.00000000 0.00000000 0.00000000 0.00000000 0.00000000 0.00000000 0.00000000 0.75000000 
1.62500000 0.00000000 0.00000000 0.00000000 0.00000000 0.00000000 0.00000000 0.00000000 0.62500000 
1.50000000 0.00000000 0.00000000 0.00000000 0.00000000 0.00000000 0.00000000 0.00000000 0.50000000 
1.37500000 0.00000000 0.00000000 0.00000000 0.00000000 0.00000000 0.00000000 0.00000000 0.37500000 
1.25000000 0.00000000 0.00000000 0.00000000 0.00000000 0.00000000 0.00000000 0.00000000 0.25000000 
1.12500000 0.00000000 0.00000000 0.00000000 0.00000000 0.00000000 0.00000000 0.00000000 0.12500000 
1.00000000 0.87500000 0.75000000 0.62500000 0.50000000 0.37500000 0.25000000 0.12500000 0.00000000 
mpirun -np 8 ./partdiff 1 1 512 1 2 1024
Berechnungszeit:    194.814382 s 
Speicherbedarf:     128.563118 MiB
Berechnungsmethode: Gauß-Seidel
Interlines:         512
Stoerfunktion:      f(x,y) = 0
Terminierung:       Anzahl der Iterationen
Anzahl Iterationen: 1024
Norm des Fehlers:   6.848796e-04

Matrix:
2.00000000 1.87500000 1.75000000 1.62500000 1.50000000 1.37500000 1.25000000 1.12500000 1.00000000 
1.87500000 0.00000000 0.00000000 0.00000000 0.00000000 0.00000000 0.00000000 0.00000000 0.87500000 
1.75000000 0.00000000 0.00000000 0.00000000 0.00000000 0.00000000 0.00000000 0.00000000 0.75000000 
1.62500000 0.00000000 0.00000000 0.00000000 0.00000000 0.00000000 0.00000000 0.00000000 0.62500000 
1.50000000 0.00000000 0.00000000 0.00000000 0.00000000 0.00000000 0.00000000 0.00000000 0.50000000 
1.37500000 0.00000000 0.00000000 0.00000000 0.00000000 0.00000000 0.00000000 0.00000000 0.37500000 
1.25000000 0.00000000 0.00000000 0.00000000 0.00000000 0.00000000 0.00000000 0.00000000 0.25000000 
1.12500000 0.00000000 0.00000000 0.00000000 0.00000000 0.00000000 0.00000000 0.00000000 0.12500000 
1.00000000 0.87500000 0.75000000 0.62500000 0.50000000 0.37500000 0.25000000 0.12500000 0.00000000 
mpirun -np 10 ./partdiff 1 1 256 1 2 256
Berechnungszeit:    13.635965 s 
Speicherbedarf:     32.281868 MiB
Berechnungsmethode: Gauß-Seidel
Interlines:         256
Stoerfunktion:      f(x,y) = 0
Terminierung:       Anzahl der Iterationen
Anzahl Iterationen: 256
Norm des Fehlers:   2.690031e-03

Matrix:
2.00000000 1.87500000 1.75000000 1.62500000 1.50000000 1.37500000 1.25000000 1.12500000 1.00000000 
1.87500000 0.00000000 0.00000000 0.00000000 0.00000000 0.00000000 0.00000000 0.00000000 0.87500000 
1.75000000 0.00000000 0.00000000 0.00000000 0.00000000 0.00000000 0.00000000 0.00000000 0.75000000 
1.62500000 0.00000000 0.00000000 0.00000000 0.00000000 0.00000000 0.00000000 0.00000000 0.62500000 
1.50000000 0.00000000 0.00000000 0.00000000 0.00000000 0.00000000 0.00000000 0.00000000 0.50000000 
1.37500000 0.00000000 0.00000000 0.00000000 0.00000000 0.00000000 0.00000000 0.00000000 0.37500000 
1.25000000 0.00000000 0.00000000 0.00000000 0.00000000 0.00000000 0.00000000 0.00000000 0.25000000 
1.12500000 0.00000000 0.00000000 0.00000000 0.00000000 0.00000000 0.00000000 0.00000000 0.12500000 
1.00000000 0.87500000 0.75000000 0.62500000 0.50000000 0.37500000 0.25000000 0.12500000 0.00000000 
mpirun -np 10 ./partdiff 1 1 256 1 2 512
Berechnungszeit:    25.373803 s 
Speicherbedarf:     32.281868 MiB
Berechnungsmethode: Gauß-Seidel
Interlines:         256
Stoerfunktion:      f(x,y) = 0
Terminierung:       Anzahl der Iterationen
Anzahl Iterationen: 512
Norm des Fehlers:   1.355152e-03

Matrix:
2.00000000 1.87500000 1.75000000 1.62500000 1.50000000 1.37500000 1.25000000 1.12500000 1.00000000 
1.87500000 0.00000000 0.00000000 0.00000000 0.00000000 0.00000000 0.00000000 0.00000000 0.87500000 
1.75000000 0.00000000 0.00000000 0.00000000 0.00000000 0.00000000 0.00000000 0.00000000 0.75000000 
1.62500000 0.00000000 0.00000000 0.00000000 0.00000000 0.00000000 0.00000000 0.00000000 0.62500000 
1.50000000 0.00000000 0.00000000 0.00000000 0.00000000 0.00000000 0.00000000 0.00000000 0.50000000 
1.37500000 0.00000000 0.00000000 0.00000000 0.00000000 0.00000000 0.00000000 0.00000000 0.37500000 
1.25000000 0.00000000 0.00000000 0.00000000 0.00000000 0.00000000 0.00000000 0.00000000 0.25000000 
1.12500000 0.00000000 0.00000000 0.00000000 0.00000000 0.00000000 0.00000000 0.00000000 0.12500000 
1.00000000 0.87500000 0.75000000 0.62500000 0.50000000 0.37500000 0.25000000 0.12500000 0.00000000 
mpirun -np 10 ./partdiff 1 1 256 1 2 1024
Berechnungszeit:    42.398739 s 
Speicherbedarf:     32.281868 MiB
Berechnungsmethode: Gauß-Seidel
Interlines:         256
Stoerfunktion:      f(x,y) = 0
Terminierung:       Anzahl der Iterationen
Anzahl Iterationen: 1024
Norm des Fehlers:   6.806141e-04

Matrix:
2.00000000 1.87500000 1.75000000 1.62500000 1.50000000 1.37500000 1.25000000 1.12500000 1.00000000 
1.87500000 0.00000000 0.00000000 0.00000000 0.00000000 0.00000000 0.00000000 0.00000000 0.87500000 
1.75000000 0.00000000 0.00000000 0.00000000 0.00000000 0.00000000 0.00000000 0.00000000 0.75000000 
1.62500000 0.00000000 0.00000000 0.00000000 0.00000000 0.00000000 0.00000000 0.00000000 0.62500000 
1.50000000 0.00000000 0.00000000 0.00000000 0.00000000 0.00000000 0.00000000 0.00000000 0.50000000 
1.37500000 0.00000000 0.00000000 0.00000000 0.00000000 0.00000000 0.00000000 0.00000000 0.37500000 
1.25000000 0.00000000 0.00000000 0.00000000 0.00000000 0.00000000 0.00000000 0.00000000 0.25000000 
1.12500000 0.00000000 0.00000000 0.00000000 0.00000000 0.00000000 0.00000000 0.00000000 0.12500000 
1.00000000 0.87500000 0.75000000 0.62500000 0.50000000 0.37500000 0.25000000 0.12500000 0.00000000 
mpirun -np 10 ./partdiff 1 1 512 1 2 256
Berechnungszeit:    49.623773 s 
Speicherbedarf:     128.563118 MiB
Berechnungsmethode: Gauß-Seidel
Interlines:         512
Stoerfunktion:      f(x,y) = 0
Terminierung:       Anzahl der Iterationen
Anzahl Iterationen: 256
Norm des Fehlers:   2.698449e-03

Matrix:
2.00000000 1.87500000 1.75000000 1.62500000 1.50000000 1.37500000 1.25000000 1.12500000 1.00000000 
1.87500000 0.00000000 0.00000000 0.00000000 0.00000000 0.00000000 0.00000000 0.00000000 0.87500000 
1.75000000 0.00000000 0.00000000 0.00000000 0.00000000 0.00000000 0.00000000 0.00000000 0.75000000 
1.62500000 0.00000000 0.00000000 0.00000000 0.00000000 0.00000000 0.00000000 0.00000000 0.62500000 
1.50000000 0.00000000 0.00000000 0.00000000 0.00000000 0.00000000 0.00000000 0.00000000 0.50000000 
1.37500000 0.00000000 0.00000000 0.00000000 0.00000000 0.00000000 0.00000000 0.00000000 0.37500000 
1.25000000 0.00000000 0.00000000 0.00000000 0.00000000 0.00000000 0.00000000 0.00000000 0.25000000 
1.12500000 0.00000000 0.00000000 0.00000000 0.00000000 0.00000000 0.00000000 0.00000000 0.12500000 
1.00000000 0.87500000 0.75000000 0.62500000 0.50000000 0.37500000 0.25000000 0.12500000 0.00000000 
mpirun -np 10 ./partdiff 1 1 512 1 2 512
Berechnungszeit:    98.130160 s 
Speicherbedarf:     128.563118 MiB
Berechnungsmethode: Gauß-Seidel
Interlines:         512
Stoerfunktion:      f(x,y) = 0
Terminierung:       Anzahl der Iterationen
Anzahl Iterationen: 512
Norm des Fehlers:   1.361124e-03

Matrix:
2.00000000 1.87500000 1.75000000 1.62500000 1.50000000 1.37500000 1.25000000 1.12500000 1.00000000 
1.87500000 0.00000000 0.00000000 0.00000000 0.00000000 0.00000000 0.00000000 0.00000000 0.87500000 
1.75000000 0.00000000 0.00000000 0.00000000 0.00000000 0.00000000 0.00000000 0.00000000 0.75000000 
1.62500000 0.00000000 0.00000000 0.00000000 0.00000000 0.00000000 0.00000000 0.00000000 0.62500000 
1.50000000 0.00000000 0.00000000 0.00000000 0.00000000 0.00000000 0.00000000 0.00000000 0.50000000 
1.37500000 0.00000000 0.00000000 0.00000000 0.00000000 0.00000000 0.00000000 0.00000000 0.37500000 
1.25000000 0.00000000 0.00000000 0.00000000 0.00000000 0.00000000 0.00000000 0.00000000 0.25000000 
1.12500000 0.00000000 0.00000000 0.00000000 0.00000000 0.00000000 0.00000000 0.00000000 0.12500000 
1.00000000 0.87500000 0.75000000 0.62500000 0.50000000 0.37500000 0.25000000 0.12500000 0.00000000 
mpirun -np 10 ./partdiff 1 1 512 1 2 1024
Berechnungszeit:    194.532875 s 
Speicherbedarf:     128.563118 MiB
Berechnungsmethode: Gauß-Seidel
Interlines:         512
Stoerfunktion:      f(x,y) = 0
Terminierung:       Anzahl der Iterationen
Anzahl Iterationen: 1024
Norm des Fehlers:   6.848796e-04

Matrix:
2.00000000 1.87500000 1.75000000 1.62500000 1.50000000 1.37500000 1.25000000 1.12500000 1.00000000 
1.87500000 0.00000000 0.00000000 0.00000000 0.00000000 0.00000000 0.00000000 0.00000000 0.87500000 
1.75000000 0.00000000 0.00000000 0.00000000 0.00000000 0.00000000 0.00000000 0.00000000 0.75000000 
1.62500000 0.00000000 0.00000000 0.00000000 0.00000000 0.00000000 0.00000000 0.00000000 0.62500000 
1.50000000 0.00000000 0.00000000 0.00000000 0.00000000 0.00000000 0.00000000 0.00000000 0.50000000 
1.37500000 0.00000000 0.00000000 0.00000000 0.00000000 0.00000000 0.00000000 0.00000000 0.37500000 
1.25000000 0.00000000 0.00000000 0.00000000 0.00000000 0.00000000 0.00000000 0.00000000 0.25000000 
1.12500000 0.00000000 0.00000000 0.00000000 0.00000000 0.00000000 0.00000000 0.00000000 0.12500000 
1.00000000 0.87500000 0.75000000 0.62500000 0.50000000 0.37500000 0.25000000 0.12500000 0.00000000 
mpirun -np 12 ./partdiff 1 1 256 1 2 256
Berechnungszeit:    13.590844 s 
Speicherbedarf:     32.281868 MiB
Berechnungsmethode: Gauß-Seidel
Interlines:         256
Stoerfunktion:      f(x,y) = 0
Terminierung:       Anzahl der Iterationen
Anzahl Iterationen: 256
Norm des Fehlers:   2.690031e-03

Matrix:
2.00000000 1.87500000 1.75000000 1.62500000 1.50000000 1.37500000 1.25000000 1.12500000 1.00000000 
1.87500000 0.00000000 0.00000000 0.00000000 0.00000000 0.00000000 0.00000000 0.00000000 0.87500000 
1.75000000 0.00000000 0.00000000 0.00000000 0.00000000 0.00000000 0.00000000 0.00000000 0.75000000 
1.62500000 0.00000000 0.00000000 0.00000000 0.00000000 0.00000000 0.00000000 0.00000000 0.62500000 
1.50000000 0.00000000 0.00000000 0.00000000 0.00000000 0.00000000 0.00000000 0.00000000 0.50000000 
1.37500000 0.00000000 0.00000000 0.00000000 0.00000000 0.00000000 0.00000000 0.00000000 0.37500000 
1.25000000 0.00000000 0.00000000 0.00000000 0.00000000 0.00000000 0.00000000 0.00000000 0.25000000 
1.12500000 0.00000000 0.00000000 0.00000000 0.00000000 0.00000000 0.00000000 0.00000000 0.12500000 
1.00000000 0.87500000 0.75000000 0.62500000 0.50000000 0.37500000 0.25000000 0.12500000 0.00000000 
mpirun -np 12 ./partdiff 1 1 256 1 2 512
Berechnungszeit:    24.757820 s 
Speicherbedarf:     32.281868 MiB
Berechnungsmethode: Gauß-Seidel
Interlines:         256
Stoerfunktion:      f(x,y) = 0
Terminierung:       Anzahl der Iterationen
Anzahl Iterationen: 512
Norm des Fehlers:   1.355152e-03

Matrix:
2.00000000 1.87500000 1.75000000 1.62500000 1.50000000 1.37500000 1.25000000 1.12500000 1.00000000 
1.87500000 0.00000000 0.00000000 0.00000000 0.00000000 0.00000000 0.00000000 0.00000000 0.87500000 
1.75000000 0.00000000 0.00000000 0.00000000 0.00000000 0.00000000 0.00000000 0.00000000 0.75000000 
1.62500000 0.00000000 0.00000000 0.00000000 0.00000000 0.00000000 0.00000000 0.00000000 0.62500000 
1.50000000 0.00000000 0.00000000 0.00000000 0.00000000 0.00000000 0.00000000 0.00000000 0.50000000 
1.37500000 0.00000000 0.00000000 0.00000000 0.00000000 0.00000000 0.00000000 0.00000000 0.37500000 
1.25000000 0.00000000 0.00000000 0.00000000 0.00000000 0.00000000 0.00000000 0.00000000 0.25000000 
1.12500000 0.00000000 0.00000000 0.00000000 0.00000000 0.00000000 0.00000000 0.00000000 0.12500000 
1.00000000 0.87500000 0.75000000 0.62500000 0.50000000 0.37500000 0.25000000 0.12500000 0.00000000 
mpirun -np 12 ./partdiff 1 1 256 1 2 1024
Berechnungszeit:    42.297354 s 
Speicherbedarf:     32.281868 MiB
Berechnungsmethode: Gauß-Seidel
Interlines:         256
Stoerfunktion:      f(x,y) = 0
Terminierung:       Anzahl der Iterationen
Anzahl Iterationen: 1024
Norm des Fehlers:   6.806141e-04

Matrix:
2.00000000 1.87500000 1.75000000 1.62500000 1.50000000 1.37500000 1.25000000 1.12500000 1.00000000 
1.87500000 0.00000000 0.00000000 0.00000000 0.00000000 0.00000000 0.00000000 0.00000000 0.87500000 
1.75000000 0.00000000 0.00000000 0.00000000 0.00000000 0.00000000 0.00000000 0.00000000 0.75000000 
1.62500000 0.00000000 0.00000000 0.00000000 0.00000000 0.00000000 0.00000000 0.00000000 0.62500000 
1.50000000 0.00000000 0.00000000 0.00000000 0.00000000 0.00000000 0.00000000 0.00000000 0.50000000 
1.37500000 0.00000000 0.00000000 0.00000000 0.00000000 0.00000000 0.00000000 0.00000000 0.37500000 
1.25000000 0.00000000 0.00000000 0.00000000 0.00000000 0.00000000 0.00000000 0.00000000 0.25000000 
1.12500000 0.00000000 0.00000000 0.00000000 0.00000000 0.00000000 0.00000000 0.00000000 0.12500000 
1.00000000 0.87500000 0.75000000 0.62500000 0.50000000 0.37500000 0.25000000 0.12500000 0.00000000 
mpirun -np 12 ./partdiff 1 1 512 1 2 256
Berechnungszeit:    49.445703 s 
Speicherbedarf:     128.563118 MiB
Berechnungsmethode: Gauß-Seidel
Interlines:         512
Stoerfunktion:      f(x,y) = 0
Terminierung:       Anzahl der Iterationen
Anzahl Iterationen: 256
Norm des Fehlers:   2.698449e-03

Matrix:
2.00000000 1.87500000 1.75000000 1.62500000 1.50000000 1.37500000 1.25000000 1.12500000 1.00000000 
1.87500000 0.00000000 0.00000000 0.00000000 0.00000000 0.00000000 0.00000000 0.00000000 0.87500000 
1.75000000 0.00000000 0.00000000 0.00000000 0.00000000 0.00000000 0.00000000 0.00000000 0.75000000 
1.62500000 0.00000000 0.00000000 0.00000000 0.00000000 0.00000000 0.00000000 0.00000000 0.62500000 
1.50000000 0.00000000 0.00000000 0.00000000 0.00000000 0.00000000 0.00000000 0.00000000 0.50000000 
1.37500000 0.00000000 0.00000000 0.00000000 0.00000000 0.00000000 0.00000000 0.00000000 0.37500000 
1.25000000 0.00000000 0.00000000 0.00000000 0.00000000 0.00000000 0.00000000 0.00000000 0.25000000 
1.12500000 0.00000000 0.00000000 0.00000000 0.00000000 0.00000000 0.00000000 0.00000000 0.12500000 
1.00000000 0.87500000 0.75000000 0.62500000 0.50000000 0.37500000 0.25000000 0.12500000 0.00000000 
mpirun -np 12 ./partdiff 1 1 512 1 2 512
Berechnungszeit:    97.821940 s 
Speicherbedarf:     128.563118 MiB
Berechnungsmethode: Gauß-Seidel
Interlines:         512
Stoerfunktion:      f(x,y) = 0
Terminierung:       Anzahl der Iterationen
Anzahl Iterationen: 512
Norm des Fehlers:   1.361124e-03

Matrix:
2.00000000 1.87500000 1.75000000 1.62500000 1.50000000 1.37500000 1.25000000 1.12500000 1.00000000 
1.87500000 0.00000000 0.00000000 0.00000000 0.00000000 0.00000000 0.00000000 0.00000000 0.87500000 
1.75000000 0.00000000 0.00000000 0.00000000 0.00000000 0.00000000 0.00000000 0.00000000 0.75000000 
1.62500000 0.00000000 0.00000000 0.00000000 0.00000000 0.00000000 0.00000000 0.00000000 0.62500000 
1.50000000 0.00000000 0.00000000 0.00000000 0.00000000 0.00000000 0.00000000 0.00000000 0.50000000 
1.37500000 0.00000000 0.00000000 0.00000000 0.00000000 0.00000000 0.00000000 0.00000000 0.37500000 
1.25000000 0.00000000 0.00000000 0.00000000 0.00000000 0.00000000 0.00000000 0.00000000 0.25000000 
1.12500000 0.00000000 0.00000000 0.00000000 0.00000000 0.00000000 0.00000000 0.00000000 0.12500000 
1.00000000 0.87500000 0.75000000 0.62500000 0.50000000 0.37500000 0.25000000 0.12500000 0.00000000 
mpirun -np 12 ./partdiff 1 1 512 1 2 1024
Berechnungszeit:    194.044507 s 
Speicherbedarf:     128.563118 MiB
Berechnungsmethode: Gauß-Seidel
Interlines:         512
Stoerfunktion:      f(x,y) = 0
Terminierung:       Anzahl der Iterationen
Anzahl Iterationen: 1024
Norm des Fehlers:   6.848796e-04

Matrix:
2.00000000 1.87500000 1.75000000 1.62500000 1.50000000 1.37500000 1.25000000 1.12500000 1.00000000 
1.87500000 0.00000000 0.00000000 0.00000000 0.00000000 0.00000000 0.00000000 0.00000000 0.87500000 
1.75000000 0.00000000 0.00000000 0.00000000 0.00000000 0.00000000 0.00000000 0.00000000 0.75000000 
1.62500000 0.00000000 0.00000000 0.00000000 0.00000000 0.00000000 0.00000000 0.00000000 0.62500000 
1.50000000 0.00000000 0.00000000 0.00000000 0.00000000 0.00000000 0.00000000 0.00000000 0.50000000 
1.37500000 0.00000000 0.00000000 0.00000000 0.00000000 0.00000000 0.00000000 0.00000000 0.37500000 
1.25000000 0.00000000 0.00000000 0.00000000 0.00000000 0.00000000 0.00000000 0.00000000 0.25000000 
1.12500000 0.00000000 0.00000000 0.00000000 0.00000000 0.00000000 0.00000000 0.00000000 0.12500000 
1.00000000 0.87500000 0.75000000 0.62500000 0.50000000 0.37500000 0.25000000 0.12500000 0.00000000 
mpirun -np 1 ./partdiff 1 1 256 1 1 1e-12
srun: Job step aborted: Waiting up to 32 seconds for job step to finish.
srun: got SIGCONT
slurmstepd-west9: error: *** STEP 155941.42 ON west9 CANCELLED AT 2022-12-16T00:49:46 ***
slurmstepd-west9: error: *** JOB 155941 ON west9 CANCELLED AT 2022-12-16T00:49:46 ***

===================================================================================
=   BAD TERMINATION OF ONE OF YOUR APPLICATION PROCESSES
=   PID 1341996 RUNNING AT west9
=   EXIT CODE: 15
=   CLEANING UP REMAINING PROCESSES
=   YOU CAN IGNORE THE BELOW CLEANUP MESSAGES
===================================================================================
[mpiexec@west9] HYDU_sock_write (utils/sock/sock.c:254): write error (Bad file descriptor)
[mpiexec@west9] HYD_pmcd_pmiserv_send_signal (pm/pmiserv/pmiserv_cb.c:176): unable to write data to proxy
[mpiexec@west9] ui_cmd_cb (pm/pmiserv/pmiserv_pmci.c:42): unable to send signal downstream
[mpiexec@west9] HYDT_dmxu_poll_wait_for_event (tools/demux/demux_poll.c:76): callback returned error status
[mpiexec@west9] HYDT_bscu_wait_for_completion (tools/bootstrap/utils/bscu_wait.c:59): error waiting for event
[mpiexec@west9] HYDT_bsci_wait_for_completion (tools/bootstrap/src/bsci_wait.c:21): launcher returned error waiting for completion
[mpiexec@west9] HYD_pmci_wait_for_completion (pm/pmiserv/pmiserv_pmci.c:179): launcher returned error waiting for completion
[mpiexec@west9] main (ui/mpich/mpiexec.c:325): process manager error waiting for completion
