Starting Gauss-Seidel with Term_Iteration

/var/lib/slurm-llnl/slurmd/job158671/slurm_script: 9: Gauss: not found
Berechnungszeit:    113.809807 s 
Speicherbedarf:     32.281868 MiB
Berechnungsmethode: Gauß-Seidel
Interlines:         256
Stoerfunktion:      f(x,y) = 2pi^2*sin(pi*x)sin(pi*y)
Terminierung:       Anzahl der Iterationen
Anzahl Iterationen: 1024
Norm des Fehlers:   2.329245e-06

Matrix:
0.000000000000 0.000000000000 0.000000000000 0.000000000000 0.000000000000 0.000000000000 0.000000000000 0.000000000000 0.000000000000 
0.000000000000 0.000348428012 0.000644505798 0.000842463419 0.000912163621 0.000842995181 0.000645488366 0.000349711798 0.000000000000 
0.000000000000 0.000644505798 0.001192177998 0.001558351905 0.001687280861 0.001559336601 0.001193997479 0.000646883064 0.000000000000 
0.000000000000 0.000842463419 0.001558351905 0.002036995441 0.002205524885 0.002038283160 0.001560731300 0.000845572248 0.000000000000 
0.000000000000 0.000912163621 0.001687280861 0.002205524885 0.002387997739 0.002206919584 0.001689857928 0.000915530722 0.000000000000 
0.000000000000 0.000842995181 0.001559336601 0.002038283160 0.002206919584 0.002039572508 0.001561719006 0.000846107942 0.000000000000 
0.000000000000 0.000645488366 0.001193997479 0.001560731300 0.001689857928 0.001561719006 0.001195822522 0.000647872899 0.000000000000 
0.000000000000 0.000349711798 0.000646883064 0.000845572248 0.000915530722 0.000846107942 0.000647872899 0.000351005080 0.000000000000 
0.000000000000 0.000000000000 0.000000000000 0.000000000000 0.000000000000 0.000000000000 0.000000000000 0.000000000000 0.000000000000 


Berechnungszeit:    57.048902 s 
Speicherbedarf:     32.281868 MiB
Berechnungsmethode: Gauß-Seidel
Interlines:         256
Stoerfunktion:      f(x,y) = 2pi^2*sin(pi*x)sin(pi*y)
Terminierung:       Anzahl der Iterationen
Anzahl Iterationen: 1024
Norm des Fehlers:   2.329245e-06

0.000000000000 0.000000000000 0.000000000000 0.000000000000 0.000000000000 0.000000000000 0.000000000000 0.000000000000 0.000000000000 
0.000000000000 0.000348428012 0.000644505798 0.000842463419 0.000912163621 0.000842995181 0.000645488366 0.000349711798 0.000000000000 
0.000000000000 0.000644505798 0.001192177998 0.001558351905 0.001687280861 0.001559336601 0.001193997479 0.000646883064 0.000000000000 
0.000000000000 0.000842463419 0.001558351905 0.002036995441 0.002205524885 0.002038283160 0.001560731300 0.000845572248 0.000000000000 
0.000000000000 0.000912163621 0.001687280861 0.002205524885 0.002387997739 0.002206919584 0.001689857928 0.000915530722 0.000000000000 
0.000000000000 0.000842995181 0.001559336601 0.002038283160 0.002206919584 0.002039572508 0.001561719006 0.000846107942 0.000000000000 
0.000000000000 0.000645488366 0.001193997479 0.001560731300 0.001689857928 0.001561719006 0.001195822522 0.000647872899 0.000000000000 
0.000000000000 0.000349711798 0.000646883064 0.000845572248 0.000915530722 0.000846107942 0.000647872899 0.000351005080 0.000000000000 
0.000000000000 0.000000000000 0.000000000000 0.000000000000 0.000000000000 0.000000000000 0.000000000000 0.000000000000 0.000000000000 



0.000000000000 0.000000000000 0.000000000000 0.000000000000 0.000000000000 0.000000000000 0.000000000000 0.000000000000 0.000000000000 
0.000000000000 0.000348428012 0.000644505798 Berechnungszeit:    38.483653 s 
Speicherbedarf:     32.281868 MiB
Berechnungsmethode: Gauß-Seidel
Interlines:         256
Stoerfunktion:      f(x,y) = 2pi^2*sin(pi*x)sin(pi*y)
Terminierung:       Anzahl der Iterationen
Anzahl Iterationen: 1024
Norm des Fehlers:   2.329245e-06

0.000842463419 0.000912163621 0.000842995181 0.000645488366 0.000349711798 0.000000000000 
0.000000000000 0.000644505798 0.001192177998 0.001558351905 0.001687280861 0.001559336601 0.001193997479 0.000646883064 0.000000000000 
0.000000000000 0.000842463419 0.001558351905 0.002036995441 0.002205524885 0.002038283160 0.001560731300 0.000845572248 0.000000000000 
0.000000000000 0.000912163621 0.001687280861 0.002205524885 0.002387997739 0.002206919584 0.001689857928 0.000915530722 0.000000000000 
0.000000000000 0.000842995181 0.001559336601 0.002038283160 0.002206919584 0.002039572508 0.001561719006 0.000846107942 0.000000000000 
0.000000000000 0.000645488366 0.001193997479 0.001560731300 0.001689857928 0.001561719006 0.001195822522 0.000647872899 0.000000000000 
0.000000000000 0.000349711798 0.000646883064 0.000845572248 0.000915530722 0.000846107942 0.000647872899 0.000351005080 0.000000000000 
0.000000000000 0.000000000000 0.000000000000 0.000000000000 0.000000000000 0.000000000000 0.000000000000 0.000000000000 0.000000000000 



Berechnungszeit:    28.851199 s 
Speicherbedarf:     32.281868 MiB
Berechnungsmethode: Gauß-Seidel
Interlines:         256
Stoerfunktion:      f(x,y) = 2pi^2*sin(pi*x)sin(pi*y)
Terminierung:       Anzahl der Iterationen
Anzahl Iterationen: 1024
Norm des Fehlers:   2.329245e-06

0.000000000000 0.000000000000 0.000000000000 0.000000000000 0.000000000000 0.000000000000 0.000000000000 0.000000000000 0.000000000000 
0.000000000000 0.000348428012 0.000644505798 0.000842463419 0.000912163621 0.000842995181 0.000645488366 0.000349711798 0.000000000000 
0.000000000000 0.000644505798 0.001192177998 0.001558351905 0.001687280861 0.001559336601 0.001193997479 0.000646883064 0.000000000000 
0.000000000000 0.000842463419 0.001558351905 0.002036995441 0.002205524885 0.002038283160 0.001560731300 0.000845572248 0.000000000000 
0.000000000000 0.000912163621 0.001687280861 0.002205524885 0.002387997739 0.002206919584 0.001689857928 0.000915530722 0.000000000000 
0.000000000000 0.000842995181 0.001559336601 0.002038283160 0.002206919584 0.002039572508 0.001561719006 0.000846107942 0.000000000000 
0.000000000000 0.000645488366 0.001193997479 0.001560731300 0.001689857928 0.001561719006 0.001195822522 0.000647872899 0.000000000000 
0.000000000000 0.000349711798 0.000646883064 0.000845572248 0.000915530722 0.000846107942 0.000647872899 0.000351005080 0.000000000000 
0.000000000000 0.000000000000 0.000000000000 0.000000000000 0.000000000000 0.000000000000 0.000000000000 0.000000000000 0.000000000000 



Berechnungszeit:    23.042998 s 
Speicherbedarf:     32.281868 MiB
Berechnungsmethode: Gauß-Seidel
Interlines:         256
Stoerfunktion:      f(x,y) = 2pi^2*sin(pi*x)sin(pi*y)
Terminierung:       Anzahl der Iterationen
Anzahl Iterationen: 1024
Norm des Fehlers:   2.329245e-06

0.000000000000 0.000000000000 0.000000000000 0.000000000000 0.000000000000 0.000000000000 0.000000000000 0.000000000000 0.000000000000 
0.000000000000 0.000348428012 0.000644505798 0.000842463419 0.000912163621 0.000842995181 0.000645488366 0.000349711798 0.000000000000 
0.000000000000 0.000644505798 0.001192177998 0.001558351905 0.001687280861 0.001559336601 0.001193997479 0.000646883064 0.000000000000 
0.000000000000 0.000842463419 0.001558351905 0.002036995441 0.002205524885 0.002038283160 0.001560731300 0.000845572248 0.000000000000 
0.000000000000 0.000912163621 0.001687280861 0.002205524885 0.002387997739 0.002206919584 0.001689857928 0.000915530722 0.000000000000 
0.000000000000 0.000842995181 0.001559336601 0.002038283160 0.002206919584 0.002039572508 0.001561719006 0.000846107942 0.000000000000 
0.000000000000 0.000645488366 0.001193997479 0.001560731300 0.001689857928 0.001561719006 0.001195822522 0.000647872899 0.000000000000 
0.000000000000 0.000349711798 0.000646883064 0.000845572248 0.000915530722 0.000846107942 0.000647872899 0.000351005080 0.000000000000 
0.000000000000 0.000000000000 0.000000000000 0.000000000000 0.000000000000 0.000000000000 0.000000000000 0.000000000000 0.000000000000 



Berechnungszeit:    19.258108 s 
Speicherbedarf:     32.281868 MiB
Berechnungsmethode: Gauß-Seidel
Interlines:         256
Stoerfunktion:      f(x,y) = 2pi^2*sin(pi*x)sin(pi*y)
Terminierung:       Anzahl der Iterationen
Anzahl Iterationen: 1024
Norm des Fehlers:   2.329245e-06

0.000000000000 0.000000000000 0.000000000000 0.000000000000 0.000000000000 0.000000000000 0.000000000000 0.000000000000 0.000000000000 
0.000000000000 0.000348428012 0.000644505798 0.000842463419 0.000912163621 0.000842995181 0.000645488366 0.000349711798 0.000000000000 
0.000000000000 0.000644505798 0.001192177998 0.001558351905 0.001687280861 0.001559336601 0.001193997479 0.000646883064 0.000000000000 
0.000000000000 0.000842463419 0.001558351905 0.002036995441 0.002205524885 0.002038283160 0.001560731300 0.000845572248 0.000000000000 
0.000000000000 0.000912163621 0.001687280861 0.002205524885 0.002387997739 0.002206919584 0.001689857928 0.000915530722 0.000000000000 
0.000000000000 0.000842995181 0.001559336601 0.002038283160 0.002206919584 0.002039572508 0.001561719006 0.000846107942 0.000000000000 
0.000000000000 0.000645488366 0.001193997479 0.001560731300 0.001689857928 0.001561719006 0.001195822522 0.000647872899 0.000000000000 
0.000000000000 0.000349711798 0.000646883064 0.000845572248 0.000915530722 0.000846107942 0.000647872899 0.000351005080 0.000000000000 
0.000000000000 0.000000000000 0.000000000000 0.000000000000 0.000000000000 0.000000000000 0.000000000000 0.000000000000 0.000000000000 



Berechnungszeit:    16.602526 s 
Speicherbedarf:     32.281868 MiB
Berechnungsmethode: Gauß-Seidel
Interlines:         256
Stoerfunktion:      f(x,y) = 2pi^2*sin(pi*x)sin(pi*y)
Terminierung:       Anzahl der Iterationen
Anzahl Iterationen: 1024
Norm des Fehlers:   2.329245e-06

0.000000000000 0.000000000000 0.000000000000 0.000000000000 0.000000000000 0.000000000000 0.000000000000 0.000000000000 0.000000000000 
0.000000000000 0.000348428012 0.000644505798 0.000842463419 0.000912163621 0.000842995181 0.000645488366 0.000349711798 0.000000000000 
0.000000000000 0.000644505798 0.001192177998 0.001558351905 0.001687280861 0.001559336601 0.001193997479 0.000646883064 0.000000000000 
0.000000000000 0.000842463419 0.001558351905 0.002036995441 0.002205524885 0.002038283160 0.001560731300 0.000845572248 0.000000000000 
0.000000000000 0.000912163621 0.001687280861 0.002205524885 0.002387997739 0.002206919584 0.001689857928 0.000915530722 0.000000000000 
0.000000000000 0.000842995181 0.001559336601 0.002038283160 0.002206919584 0.002039572508 0.001561719006 0.000846107942 0.000000000000 
0.000000000000 0.000645488366 0.001193997479 0.001560731300 0.001689857928 0.001561719006 0.001195822522 0.000647872899 0.000000000000 
0.000000000000 0.000349711798 0.000646883064 0.000845572248 0.000915530722 0.000846107942 0.000647872899 0.000351005080 0.000000000000 
0.000000000000 0.000000000000 0.000000000000 0.000000000000 0.000000000000 0.000000000000 0.000000000000 0.000000000000 0.000000000000 



Berechnungszeit:    14.597366 s 
Speicherbedarf:     32.281868 MiB
Berechnungsmethode: Gauß-Seidel
Interlines:         256
Stoerfunktion:      f(x,y) = 2pi^2*sin(pi*x)sin(pi*y)
Terminierung:       Anzahl der Iterationen
Anzahl Iterationen: 1024
Norm des Fehlers:   2.329245e-06

0.000000000000 0.000000000000 0.000000000000 0.000000000000 0.000000000000 0.000000000000 0.000000000000 0.000000000000 0.000000000000 
0.000000000000 0.000348428012 0.000644505798 0.000842463419 0.000912163621 0.000842995181 0.000645488366 0.000349711798 0.000000000000 
0.000000000000 0.000644505798 0.001192177998 0.001558351905 0.001687280861 0.001559336601 0.001193997479 0.000646883064 0.000000000000 
0.000000000000 0.000842463419 0.001558351905 0.002036995441 0.002205524885 0.002038283160 0.001560731300 0.000845572248 0.000000000000 
0.000000000000 0.000912163621 0.001687280861 0.002205524885 0.002387997739 0.002206919584 0.001689857928 0.000915530722 0.000000000000 
0.000000000000 0.000842995181 0.001559336601 0.002038283160 0.002206919584 0.002039572508 0.001561719006 0.000846107942 0.000000000000 
0.000000000000 0.000645488366 0.001193997479 0.001560731300 0.001689857928 0.001561719006 0.001195822522 0.000647872899 0.000000000000 
0.000000000000 0.000349711798 0.000646883064 0.000845572248 0.000915530722 0.000846107942 0.000647872899 0.000351005080 0.000000000000 
0.000000000000 0.000000000000 0.000000000000 0.000000000000 0.000000000000 0.000000000000 0.000000000000 0.000000000000 0.000000000000 



Berechnungszeit:    13.097264 s 
Speicherbedarf:     32.281868 MiB
Berechnungsmethode: Gauß-Seidel
Interlines:         256
Stoerfunktion:      f(x,y) = 2pi^2*sin(pi*x)sin(pi*y)
Terminierung:       Anzahl der Iterationen
Anzahl Iterationen: 1024
Norm des Fehlers:   2.329245e-06

0.000000000000 0.000000000000 0.000000000000 0.000000000000 0.000000000000 0.000000000000 0.000000000000 0.000000000000 0.000000000000 
0.000000000000 0.000348428012 0.000644505798 0.000842463419 0.000912163621 0.000842995181 0.000645488366 0.000349711798 0.000000000000 
0.000000000000 0.000644505798 0.001192177998 0.001558351905 0.001687280861 0.001559336601 0.001193997479 0.000646883064 0.000000000000 
0.000000000000 0.000842463419 0.001558351905 0.002036995441 0.002205524885 0.002038283160 0.001560731300 0.000845572248 0.000000000000 
0.000000000000 0.000912163621 0.001687280861 0.002205524885 0.002387997739 0.002206919584 0.001689857928 0.000915530722 0.000000000000 
0.000000000000 0.000842995181 0.001559336601 0.002038283160 0.002206919584 0.002039572508 0.001561719006 0.000846107942 0.000000000000 
0.000000000000 0.000645488366 0.001193997479 0.001560731300 0.001689857928 0.001561719006 0.001195822522 0.000647872899 0.000000000000 
0.000000000000 0.000349711798 0.000646883064 0.000845572248 0.000915530722 0.000846107942 0.000647872899 0.000351005080 0.000000000000 
0.000000000000 0.000000000000 0.000000000000 0.000000000000 0.000000000000 0.000000000000 0.000000000000 0.000000000000 0.000000000000 



Berechnungszeit:    12.568601 s 
Speicherbedarf:     32.281868 MiB
Berechnungsmethode: Gauß-Seidel
Interlines:         256
Stoerfunktion:      f(x,y) = 2pi^2*sin(pi*x)sin(pi*y)
Terminierung:       Anzahl der Iterationen
Anzahl Iterationen: 1024
Norm des Fehlers:   2.329245e-06

0.000000000000 0.000000000000 0.000000000000 0.000000000000 0.000000000000 0.000000000000 0.000000000000 0.000000000000 0.000000000000 
0.000000000000 0.000348428012 0.000644505798 0.000842463419 0.000912163621 0.000842995181 0.000645488366 0.000349711798 0.000000000000 
0.000000000000 0.000644505798 0.001192177998 0.001558351905 0.001687280861 0.001559336601 0.001193997479 0.000646883064 0.000000000000 
0.000000000000 0.000842463419 0.001558351905 0.002036995441 0.002205524885 0.002038283160 0.001560731300 0.000845572248 0.000000000000 
0.000000000000 0.000912163621 0.001687280861 0.002205524885 0.002387997739 0.002206919584 0.001689857928 0.000915530722 0.000000000000 
0.000000000000 0.000842995181 0.001559336601 0.002038283160 0.002206919584 0.002039572508 0.001561719006 0.000846107942 0.000000000000 
0.000000000000 0.000645488366 0.001193997479 0.001560731300 0.001689857928 0.001561719006 0.001195822522 0.000647872899 0.000000000000 
0.000000000000 0.000349711798 0.000646883064 0.000845572248 0.000915530722 0.000846107942 0.000647872899 0.000351005080 0.000000000000 
0.000000000000 0.000000000000 0.000000000000 0.000000000000 0.000000000000 0.000000000000 0.000000000000 0.000000000000 0.000000000000 



Berechnungszeit:    10.883858 s 
Speicherbedarf:     32.281868 MiB
Berechnungsmethode: Gauß-Seidel
Interlines:         256
Stoerfunktion:      f(x,y) = 2pi^2*sin(pi*x)sin(pi*y)
Terminierung:       Anzahl der Iterationen
Anzahl Iterationen: 1024
Norm des Fehlers:   2.329245e-06

0.000000000000 0.000000000000 0.000000000000 0.000000000000 0.000000000000 0.000000000000 0.000000000000 0.000000000000 0.000000000000 
0.000000000000 0.000348428012 0.000644505798 0.000842463419 0.000912163621 0.000842995181 0.000645488366 0.000349711798 0.000000000000 
0.000000000000 0.000644505798 0.001192177998 0.001558351905 0.001687280861 0.001559336601 0.001193997479 0.000646883064 0.000000000000 
0.000000000000 0.000842463419 0.001558351905 0.002036995441 0.002205524885 0.002038283160 0.001560731300 0.000845572248 0.000000000000 
0.000000000000 0.000912163621 0.001687280861 0.002205524885 0.002387997739 0.002206919584 0.001689857928 0.000915530722 0.000000000000 
0.000000000000 0.000842995181 0.001559336601 0.002038283160 0.002206919584 0.002039572508 0.001561719006 0.000846107942 0.000000000000 
0.000000000000 0.000645488366 0.001193997479 0.001560731300 0.001689857928 0.001561719006 0.001195822522 0.000647872899 0.000000000000 
0.000000000000 0.000349711798 0.000646883064 0.000845572248 0.000915530722 0.000846107942 0.000647872899 0.000351005080 0.000000000000 
0.000000000000 0.000000000000 0.000000000000 0.000000000000 0.000000000000 0.000000000000 0.000000000000 0.000000000000 0.000000000000 



Berechnungszeit:    9.998779 s 
Speicherbedarf:     32.281868 MiB
Berechnungsmethode: Gauß-Seidel
Interlines:         256
Stoerfunktion:      f(x,y) = 2pi^2*sin(pi*x)sin(pi*y)
Terminierung:       Anzahl der Iterationen
Anzahl Iterationen: 1024
Norm des Fehlers:   2.329245e-06

0.000000000000 0.000000000000 0.000000000000 0.000000000000 0.000000000000 0.000000000000 0.000000000000 0.000000000000 0.000000000000 
0.000000000000 0.000348428012 0.000644505798 0.000842463419 0.000912163621 0.000842995181 0.000645488366 0.000349711798 0.000000000000 
0.000000000000 0.000644505798 0.001192177998 0.001558351905 0.001687280861 0.001559336601 0.001193997479 0.000646883064 0.000000000000 
0.000000000000 0.000842463419 0.001558351905 0.002036995441 0.002205524885 0.002038283160 0.001560731300 0.000845572248 0.000000000000 
0.000000000000 0.000912163621 0.001687280861 0.002205524885 0.002387997739 0.002206919584 0.001689857928 0.000915530722 0.000000000000 
0.000000000000 0.000842995181 0.001559336601 0.002038283160 0.002206919584 0.002039572508 0.001561719006 0.000846107942 0.000000000000 
0.000000000000 0.000645488366 0.001193997479 0.001560731300 0.001689857928 0.001561719006 0.001195822522 0.000647872899 0.000000000000 
0.000000000000 0.000349711798 0.000646883064 0.000845572248 0.000915530722 0.000846107942 0.000647872899 0.000351005080 0.000000000000 
0.000000000000 0.000000000000 0.000000000000 0.000000000000 0.000000000000 0.000000000000 0.000000000000 0.000000000000 0.000000000000 



Starting Gauss-Seidel with Term_Precision

0.000000000000 0.000000000000 0.000000000000 0.000000000000 0.000000000000 0.000000000000 0.000000000000 0.000000000000 0.000000000000 
0.000000000000 0.000001362662 0.000002520592 0.000003294784 0.000003567376 0.000003296867 0.000002524439 Berechnungszeit:    0.222802 s 
Speicherbedarf:     32.281868 MiB
Berechnungsmethode: Gauß-Seidel
Interlines:         256
Stoerfunktion:      f(x,y) = 2pi^2*sin(pi*x)sin(pi*y)
Terminierung:       Hinreichende Genaugkeit
Anzahl Iterationen: 4
Norm des Fehlers:   2.334799e-06

0.000001367689 0.000000000000 
0.000000000000 0.000002520592 0.000004662484 0.000006094556 0.000006598786 0.000006098411 0.000004669609 0.000002529900 0.000000000000 
0.000000000000 0.000003294784 0.000006094556 0.000007966486 0.000008625591 0.000007971528 0.000006103872 0.000003306957 0.000000000000 
0.000000000000 0.000003567376 0.000006598786 0.000008625591 0.000009339228 0.000008631052 0.000006608877 0.000003580560 0.000000000000 
0.000000000000 0.000003296867 0.000006098411 0.000007971528 0.000008631052 0.000007976577 0.000006107740 0.000003309055 0.000000000000 
0.000000000000 0.000002524439 0.000004669609 0.000006103872 0.000006608877 0.000006107740 0.000004676755 0.000002533776 0.000000000000 
0.000000000000 0.000001367689 0.000002529900 0.000003306957 0.000003580560 0.000003309055 0.000002533776 0.000001372753 0.000000000000 
0.000000000000 0.000000000000 0.000000000000 0.000000000000 0.000000000000 0.000000000000 0.000000000000 0.000000000000 0.000000000000 

