Starting Gauss-Seidel

Using parallel version for GS
Using parallel version for GS
Using parallel version for GS
Using parallel version for GS
Berechnungszeit:    47.335657 s 
Speicherbedarf:     32.281868 MiB
Berechnungsmethode: Gauß-Seidel
Interlines:         256
Stoerfunktion:      f(x,y) = 0
Terminierung:       Hinreichende Genaugkeit
Anzahl Iterationen: 996
Norm des Fehlers:   6.995530e-04

Matrix:
2.00000000 1.87500000 1.75000000 1.62500000 1.50000000 1.37500000 1.25000000 1.12500000 1.00000000 
1.87500000 0.00000000 0.00000000 0.00000000 0.00000000 0.00000000 0.00000000 0.00000000 0.87500000 
1.75000000 0.00000000 0.00000000 0.00000000 0.00000000 0.00000000 0.00000000 0.00000000 0.75000000 
1.62500000 0.00000000 0.00000000 0.00000000 0.00000000 0.00000000 0.00000000 0.00000000 0.62500000 
1.50000000 0.00000000 0.00000000 0.00000000 0.00000000 0.00000000 0.00000000 0.00000000 0.50000000 
1.37500000 0.00000000 0.00000000 0.00000000 0.00000000 0.00000000 0.00000000 0.00000000 0.37500000 
1.25000000 0.00000000 0.00000000 0.00000000 0.00000000 0.00000000 0.00000000 0.00000000 0.25000000 
1.12500000 0.00000000 0.00000000 0.00000000 0.00000000 0.00000000 0.00000000 0.00000000 0.12500000 
1.00000000 0.87500000 0.75000000 0.62500000 0.50000000 0.37500000 0.25000000 0.12500000 0.00000000 
Berechnungszeit:    47.360981 s 
Speicherbedarf:     32.281868 MiB
Berechnungsmethode: Gauß-Seidel
Interlines:         256
Stoerfunktion:      f(x,y) = 0
Terminierung:       Hinreichende Genaugkeit
Anzahl Iterationen: 996
Norm des Fehlers:   6.995530e-04

Matrix:
2.00000000 1.87500000 1.75000000 1.62500000 1.50000000 1.37500000 1.25000000 1.12500000 1.00000000 
1.87500000 0.00000000 0.00000000 0.00000000 0.00000000 0.00000000 0.00000000 0.00000000 0.87500000 
1.75000000 0.00000000 0.00000000 0.00000000 0.00000000 0.00000000 0.00000000 0.00000000 0.75000000 
1.62500000 0.00000000 0.00000000 0.00000000 0.00000000 0.00000000 0.00000000 0.00000000 0.62500000 
1.50000000 0.00000000 0.00000000 0.00000000 0.00000000 0.00000000 0.00000000 0.00000000 0.50000000 
1.37500000 0.00000000 0.00000000 0.00000000 0.00000000 0.00000000 0.00000000 0.00000000 0.37500000 
1.25000000 0.00000000 0.00000000 0.00000000 0.00000000 0.00000000 0.00000000 0.00000000 0.25000000 
1.12500000 0.00000000 0.00000000 0.00000000 0.00000000 0.00000000 0.00000000 0.00000000 0.12500000 
1.00000000 0.87500000 0.75000000 0.62500000 0.50000000 0.37500000 0.25000000 0.12500000 0.00000000 
Berechnungszeit:    47.382868 s 
Speicherbedarf:     32.281868 MiB
Berechnungsmethode: Gauß-Seidel
Interlines:         256
Stoerfunktion:      f(x,y) = 0
Terminierung:       Hinreichende Genaugkeit
Anzahl Iterationen: 996
Norm des Fehlers:   6.995530e-04

Matrix:
2.00000000 1.87500000 1.75000000 1.62500000 1.50000000 1.37500000 1.25000000 1.12500000 1.00000000 
1.87500000 0.00000000 0.00000000 0.00000000 0.00000000 0.00000000 0.00000000 0.00000000 0.87500000 
1.75000000 0.00000000 0.00000000 0.00000000 0.00000000 0.00000000 0.00000000 0.00000000 0.75000000 
1.62500000 0.00000000 0.00000000 0.00000000 0.00000000 0.00000000 0.00000000 0.00000000 0.62500000 
1.50000000 0.00000000 0.00000000 0.00000000 0.00000000 0.00000000 0.00000000 0.00000000 0.50000000 
1.37500000 0.00000000 0.00000000 0.00000000 0.00000000 0.00000000 0.00000000 0.00000000 0.37500000 
1.25000000 0.00000000 0.00000000 0.00000000 0.00000000 0.00000000 0.00000000 0.00000000 0.25000000 
1.12500000 0.00000000 0.00000000 0.00000000 0.00000000 0.00000000 0.00000000 0.00000000 0.12500000 
1.00000000 0.87500000 0.75000000 0.62500000 0.50000000 0.37500000 0.25000000 0.12500000 0.00000000 
Berechnungszeit:    47.420696 s 
Speicherbedarf:     32.281868 MiB
Berechnungsmethode: Gauß-Seidel
Interlines:         256
Stoerfunktion:      f(x,y) = 0
Terminierung:       Hinreichende Genaugkeit
Anzahl Iterationen: 996
Norm des Fehlers:   6.995530e-04

Matrix:
2.00000000 1.87500000 1.75000000 1.62500000 1.50000000 1.37500000 1.25000000 1.12500000 1.00000000 
1.87500000 0.00000000 0.00000000 0.00000000 0.00000000 0.00000000 0.00000000 0.00000000 0.87500000 
1.75000000 0.00000000 0.00000000 0.00000000 0.00000000 0.00000000 0.00000000 0.00000000 0.75000000 
1.62500000 0.00000000 0.00000000 0.00000000 0.00000000 0.00000000 0.00000000 0.00000000 0.62500000 
1.50000000 0.00000000 0.00000000 0.00000000 0.00000000 0.00000000 0.00000000 0.00000000 0.50000000 
1.37500000 0.00000000 0.00000000 0.00000000 0.00000000 0.00000000 0.00000000 0.00000000 0.37500000 
1.25000000 0.00000000 0.00000000 0.00000000 0.00000000 0.00000000 0.00000000 0.00000000 0.25000000 
1.12500000 0.00000000 0.00000000 0.00000000 0.00000000 0.00000000 0.00000000 0.00000000 0.12500000 
1.00000000 0.87500000 0.75000000 0.62500000 0.50000000 0.37500000 0.25000000 0.12500000 0.00000000 
